	0	1	2
0	-2.1468961238861084	-1.9788442850112915	4.771718978881836
1	-2.2945544719696045	-1.9047424793243408	4.76418399810791
2	-2.0951664447784424	-2.1058833599090576	4.788384914398193
3	-2.1716465950012207	-2.0805907249450684	4.806371688842773
4	-2.3838517665863037	-1.7730708122253418	4.7412309646606445
5	-2.14713978767395	3.5042097568511963	-1.2705812454223633
6	-2.7499358654022217	-0.28247588872909546	3.9027321338653564
7	-2.835254192352295	-0.8369398713111877	4.237000465393066
8	-2.3149619102478027	-1.873146653175354	4.779061317443848
9	-2.1117515563964844	-2.0880253314971924	4.790337085723877
10	-1.0122439861297607	1.7407523393630981	-0.4737529754638672
11	-1.983676791191101	-2.2155256271362305	4.759496212005615
12	-2.1057496070861816	-2.1058411598205566	4.802153587341309
13	-2.1971747875213623	-1.9275188446044922	4.759306907653809
14	-2.138935089111328	-2.1128273010253906	4.7888264656066895
15	2.2016632556915283	0.23995031416416168	-3.2212517261505127
16	-2.112962245941162	-2.0773093700408936	4.790287971496582
17	1.7339951992034912	0.014896731823682785	-2.324647903442383
18	-2.455962657928467	2.214649200439453	0.7437538504600525
19	-2.244046926498413	-1.9739288091659546	4.803649425506592
20	-2.2175981998443604	-1.9726191759109497	4.781739711761475
21	-0.6139858961105347	-0.2998571991920471	0.7258588671684265
22	-1.750755786895752	0.38260069489479065	1.9128085374832153
23	-2.268277168273926	-1.8972400426864624	4.800457954406738
24	-1.9676785469055176	1.1774585247039795	1.327118158340454
25	2.0991134643554688	0.44320106506347656	-3.394322633743286
26	-2.2676568031311035	0.5837388038635254	2.224921464920044
27	0.24936118721961975	2.7548632621765137	-3.477560043334961
28	1.6797713041305542	1.125868320465088	-3.597771167755127
29	0.5689364671707153	0.7155265212059021	-1.9452409744262695
30	-2.087548017501831	1.0946426391601562	1.758025050163269
31	-2.7221550941467285	0.2318713217973709	2.986168146133423
32	2.192518949508667	0.20551569759845734	-3.208340883255005
33	-1.9198826551437378	0.7713926434516907	1.9218950271606445
34	-2.5802857875823975	-0.9959051012992859	4.307254314422607
35	-0.8649916648864746	2.956355571746826	-2.3587591648101807
36	-2.139716148376465	-2.0511960983276367	4.795376777648926
37	-2.4019806385040283	-1.7367351055145264	4.74407434463501
38	-2.159790277481079	-2.0914132595062256	4.773386478424072
39	-2.2909111976623535	-1.923772931098938	4.790005683898926
40	-2.227808713912964	-1.9624139070510864	4.76469087600708
41	2.215242385864258	0.19543449580669403	-3.250915765762329
42	-2.550274610519409	-0.6880527138710022	4.046937942504883
43	0.9675207734107971	1.365653157234192	-3.1453604698181152
44	-2.3001818656921387	-1.8883954286575317	4.790271282196045
45	1.560595989227295	0.7497333884239197	-3.1225974559783936
46	-2.194195508956909	-2.025546073913574	4.770534038543701
47	1.5620064735412598	0.725797176361084	-3.0439364910125732
48	-2.5493457317352295	1.006749153137207	2.250091791152954
49	-2.2649710178375244	-1.9247978925704956	4.781071662902832
50	-2.130756378173828	-2.052440881729126	4.78394889831543
51	-2.222174882888794	-2.0279366970062256	4.799494743347168
52	-2.1382362842559814	-2.0340819358825684	4.788975238800049
53	-2.1769859790802	-1.9804502725601196	4.776756286621094
54	-2.255443572998047	-1.9449214935302734	4.795294284820557
55	-2.1811864376068115	-1.990241527557373	4.796892166137695
56	-0.5015836358070374	2.303344964981079	-2.431098699569702
57	-2.2776975631713867	-1.865971326828003	4.786965847015381
58	1.5314582586288452	0.6073052287101746	-2.812379837036133
59	-1.0635284185409546	-0.2736649811267853	1.8858882188796997
60	-2.4091269969940186	-1.7621771097183228	4.768856048583984
61	-2.228228807449341	-2.0049538612365723	4.795647144317627
62	-2.5088658332824707	-1.5844413042068481	4.683213233947754
63	-1.7986971139907837	0.16922840476036072	2.3119120597839355
64	-2.446073532104492	-0.25357121229171753	3.5564610958099365
65	-2.1969919204711914	-1.985350251197815	4.8003926277160645
66	-2.117647409439087	-2.061666965484619	4.793139934539795
67	-0.7848641276359558	0.8131778836250305	0.13342581689357758
68	-2.0327281951904297	-2.199753761291504	4.799548625946045
69	-2.6975197792053223	-1.0307341814041138	4.391570568084717
70	-2.2597954273223877	-1.948102593421936	4.774659633636475
71	-1.6371815204620361	2.4470484256744385	-0.5350349545478821
72	-2.350162982940674	-1.7910763025283813	4.788049697875977
73	-2.2881836891174316	-1.9049855470657349	4.775386810302734
74	-2.8158490657806396	0.48532989621162415	2.8896634578704834
75	-2.3059980869293213	-1.921751856803894	4.753353595733643
76	-0.9891345500946045	0.8768258690834045	0.046355608850717545
77	-2.523862838745117	-0.7032161355018616	4.0029473304748535
78	1.4684972763061523	0.5293273329734802	-2.636831521987915
79	1.8589990139007568	0.31187358498573303	-3.044900894165039
80	0.9960809350013733	-0.024681508541107178	-1.424849271774292
81	1.6128379106521606	1.3181933164596558	-3.693758249282837
82	-2.638292074203491	-1.2414592504501343	4.562669277191162
83	-2.210071325302124	-1.9615412950515747	4.775887489318848
84	1.9774208068847656	0.8232173323631287	-3.635874032974243
85	-2.1691372394561768	-2.062142848968506	4.810308456420898
86	-2.3586432933807373	-0.30576348304748535	3.558263063430786
87	-2.1911303997039795	1.0164088010787964	1.887637734413147
88	1.9556013345718384	0.7626810073852539	-3.549744129180908
89	2.2249741554260254	0.3474975824356079	-3.3979403972625732
90	1.7795072793960571	1.2685045003890991	-3.743175983428955
91	-2.0025434494018555	-2.2061872482299805	4.7998857498168945
92	-2.2816624641418457	-1.9127572774887085	4.787792205810547
93	2.1065518856048584	0.3521440923213959	-3.3077917098999023
94	-2.2222790718078613	-1.997109293937683	4.784698009490967
95	-2.49647855758667	-1.2311272621154785	4.47489595413208
96	-2.2372961044311523	-1.6719166040420532	4.448297500610352
97	2.016432285308838	0.4740315079689026	-3.3330719470977783
98	1.9908990859985352	0.8322982788085938	-3.4515271186828613
99	-2.1213483810424805	-2.0461208820343018	4.794011116027832
100	-2.3953213691711426	-1.7901097536087036	4.775537490844727
101	-2.735508441925049	-0.6229687929153442	4.003905773162842
102	2.2439236640930176	0.19700036942958832	-3.248741626739502
103	-2.1847190856933594	-2.060098648071289	4.801743507385254
104	-2.1590163707733154	-2.0821330547332764	4.800782203674316
105	-2.207160711288452	-2.021277904510498	4.805484294891357
106	2.1727428436279297	0.5549390316009521	-3.4808566570281982
107	2.1554055213928223	0.13229943811893463	-3.094944953918457
108	2.0927839279174805	0.31447845697402954	-3.308764696121216
109	-0.8817580342292786	-0.4264398217201233	1.4582700729370117
110	-2.2320570945739746	-1.9630554914474487	4.807809829711914
111	-0.9923425912857056	-0.6766847372055054	1.5486589670181274
112	-2.283536195755005	-1.9545317888259888	4.795337200164795
113	-2.489453077316284	-1.4881629943847656	4.692920684814453
114	-2.006983995437622	-2.175088882446289	4.794041633605957
115	1.7902897596359253	0.7726027369499207	-3.381878614425659
116	-2.325728416442871	-1.836664080619812	4.767369270324707
117	-2.3697025775909424	-1.7843174934387207	4.778212547302246
118	1.8066242933273315	1.000356912612915	-3.5988388061523438
119	-2.160431146621704	-2.0016603469848633	4.781506538391113
120	-2.19671630859375	-1.9134026765823364	4.761733531951904
121	-2.1432368755340576	-2.032439947128296	4.799964427947998
122	-1.7885161638259888	-0.06226634979248047	2.3569681644439697
123	-2.326960563659668	-1.8557578325271606	4.795807838439941
124	-1.7588114738464355	0.1207977682352066	2.2530322074890137
125	-2.333517074584961	-1.7886296510696411	4.767695903778076
126	-0.1388445645570755	2.111973524093628	-2.493642807006836
127	-0.29223424196243286	2.6276891231536865	-2.8627023696899414
128	-1.7408649921417236	2.8994407653808594	-1.4538763761520386
129	1.4998818635940552	0.10173838585615158	-2.2373039722442627
130	-0.9604565501213074	-0.12235748022794724	1.3274481296539307
131	-2.172734498977661	-2.0263562202453613	4.798958778381348
132	-2.18178129196167	-2.0495097637176514	4.798079013824463
133	-2.086320161819458	0.2973463833332062	2.2005066871643066
134	-2.0523757934570312	-2.1344447135925293	4.7879157066345215
135	-1.9868618249893188	0.7681698203086853	1.9664969444274902
136	-2.1881191730499268	-2.0311098098754883	4.807650566101074
137	1.9812374114990234	0.6993784308433533	-3.4193239212036133
138	1.4909477233886719	1.255717396736145	-3.650663375854492
139	-2.469858407974243	-1.676990032196045	4.719943046569824
140	-2.287214756011963	-1.638345718383789	4.612966060638428
141	-2.5218634605407715	-1.5537538528442383	4.696373462677002
142	-2.04968523979187	0.5285502076148987	2.3130855560302734
143	-1.6602743864059448	0.3510934114456177	1.9623539447784424
144	-2.7004926204681396	2.9240598678588867	0.48343294858932495
145	-1.8036260604858398	1.2155283689498901	0.3770415186882019
146	-2.4992191791534424	-0.28566280007362366	3.5770022869110107
147	0.8209660053253174	0.2285311073064804	-1.7637182474136353
148	-2.20141863822937	-1.9298334121704102	4.785576343536377
149	-2.330876111984253	-1.7089735269546509	4.733566761016846
150	2.1106069087982178	0.5093386173248291	-3.3779280185699463
151	-2.8588473796844482	1.0612941980361938	2.21794056892395
152	-2.267838478088379	-1.9093774557113647	4.7982282638549805
153	-2.4180920124053955	-1.6650279760360718	4.7181782722473145
154	-2.2612595558166504	-1.9314888715744019	4.791806697845459
155	-1.4755518436431885	3.521223783493042	-2.3084468841552734
156	2.0310556888580322	0.39729464054107666	-3.233881950378418
157	-2.588423252105713	-0.5079010128974915	3.876384735107422
158	-2.2903921604156494	0.6511498689651489	2.352090358734131
159	-1.779737949371338	0.10830371081829071	2.4157941341400146
160	1.142513632774353	0.28241869807243347	-1.8890258073806763
161	2.173412799835205	0.32444316148757935	-3.336940288543701
162	-2.1441452503204346	-2.054291248321533	4.7987871170043945
163	1.7205199003219604	0.8620124459266663	-3.2081289291381836
164	-2.284170389175415	-1.9417957067489624	4.7884368896484375
165	-2.053706407546997	-2.1677165031433105	4.798369407653809
166	-2.3404347896575928	-1.7925961017608643	4.7770514488220215
167	-2.092745304107666	-2.076805830001831	4.785078525543213
168	-2.119159460067749	-2.080364465713501	4.791617393493652
169	-2.7220497131347656	-0.8421668410301208	4.342625617980957
170	-2.3058698177337646	-1.9081741571426392	4.771450519561768
171	-2.3130316734313965	-1.8666720390319824	4.758908748626709
172	-1.3900669813156128	3.520831823348999	-2.2390613555908203
173	-2.1704931259155273	-2.019585371017456	4.796050071716309
174	0.9255000352859497	-0.5669397115707397	-0.7898311018943787
175	-2.6586954593658447	-0.5492945313453674	3.8051302433013916
176	-1.1648247241973877	0.14088955521583557	0.8549545407295227
177	-2.5699288845062256	-1.4859333038330078	4.689084529876709
178	-2.0527896881103516	-2.1853766441345215	4.8016581535339355
179	-2.476982355117798	0.7344624400138855	2.445690155029297
180	-2.117647409439087	-2.061666965484619	4.793139934539795
181	0.950971245765686	1.6568604707717896	-3.308566093444824
182	-2.168639659881592	-2.045759677886963	4.8071064949035645
183	-2.162792921066284	-2.023285388946533	4.804332256317139
184	2.1306912899017334	0.17768339812755585	-3.1942551136016846
185	1.9407333135604858	0.8850310444831848	-3.572364091873169
186	-2.311406373977661	-1.8713785409927368	4.757528305053711
187	-2.1994783878326416	-2.0354862213134766	4.762073040008545
188	-0.7040370106697083	2.468714714050293	-2.2700562477111816
189	1.5603666305541992	0.6127493381500244	-2.9780309200286865
190	-1.3801171779632568	3.493896484375	-2.2733993530273438
191	-2.273272752761841	-1.9437782764434814	4.779525279998779
192	-1.2670735120773315	0.29525497555732727	0.6812214851379395
193	-2.204859972000122	-2.004956007003784	4.792954921722412
194	0.41432318091392517	0.4410994350910187	-1.5537996292114258
195	1.9542739391326904	0.6236714720726013	-3.397629499435425
196	-2.3219754695892334	-1.8427777290344238	4.758059024810791
197	-2.2020742893218994	-1.9975308179855347	4.815890312194824
198	-2.0727574825286865	-0.930442750453949	3.7611968517303467
199	-2.315140962600708	-1.8842666149139404	4.773509502410889
200	-0.04132501780986786	2.419095754623413	-2.7629804611206055
201	2.059784412384033	0.7823309302330017	-3.618154525756836
202	-2.0743610858917236	-2.1518502235412598	4.815426826477051
203	-2.172736406326294	-2.0223922729492188	4.823431015014648
204	-2.3643252849578857	-1.8240989446640015	4.769778728485107
205	-2.8719842433929443	2.104032039642334	1.4610259532928467
206	-2.207570791244507	-2.0142629146575928	4.814939498901367
207	-2.1204957962036133	-2.05112361907959	4.742204666137695
208	-1.5580735206604004	3.706521987915039	-2.0980961322784424
209	-1.5232468843460083	0.2819652557373047	1.7855024337768555
210	1.7179487943649292	0.42718786001205444	-2.739121437072754
211	-2.2049574851989746	-2.0272505283355713	4.767080783843994
212	-1.6446161270141602	-1.7713357210159302	3.9908909797668457
213	0.42457789182662964	-0.24411335587501526	-0.8044315576553345
214	-2.2614192962646484	-1.9330294132232666	4.792686462402344
215	-1.7406933307647705	0.07548476755619049	1.7849754095077515
216	-1.7596995830535889	1.5554828643798828	0.2518235743045807
217	-0.38511428236961365	2.6610207557678223	-2.660522699356079
218	-2.2546448707580566	-1.9654446840286255	4.802654266357422
219	-2.333268642425537	-1.8061491250991821	4.76746940612793
220	-2.5413312911987305	1.560372233390808	1.843430519104004
221	-2.1058669090270996	-2.0892276763916016	4.792527198791504
222	-0.10057482868432999	-0.5285728573799133	-0.019173623993992805
223	0.4862678349018097	0.6796349287033081	-1.9584444761276245
224	-1.0520238876342773	0.08817064762115479	1.020421028137207
225	-0.2645343542098999	-0.6245847940444946	0.5510206818580627
226	-0.23202700912952423	3.0002975463867188	-3.0140793323516846
227	0.7158851027488708	0.3201464116573334	-1.8375275135040283
228	-1.8354103565216064	-0.30390679836273193	2.6812124252319336
229	-2.41042423248291	-1.7522791624069214	4.740193843841553
230	-1.9754269123077393	2.9096717834472656	-0.8886733055114746
231	-2.614557981491089	-1.3768795728683472	4.6012678146362305
232	-2.2225968837738037	0.842741072177887	2.121701955795288
233	-2.1823132038116455	-2.033625841140747	4.80095911026001
234	-1.7323812246322632	0.1249828115105629	2.185438632965088
235	-2.6963205337524414	-0.9908818006515503	4.07905912399292
236	-1.649688959121704	-0.9753215909004211	3.1115143299102783
237	-2.782870054244995	0.04154964163899422	3.5816457271575928
238	-2.157238721847534	2.50785231590271	0.40260249376296997
239	1.9470040798187256	0.21465368568897247	-2.9197282791137695
240	-2.1891374588012695	-2.021409273147583	4.7988996505737305
241	2.065397262573242	0.2557711899280548	-3.2150559425354004
242	1.2493505477905273	0.14070631563663483	-2.0953595638275146
243	-1.4956605434417725	0.2635554373264313	1.7001290321350098
244	-2.0772547721862793	-2.1119697093963623	4.799627780914307
245	-2.812386989593506	2.6353847980499268	0.8205602765083313
246	0.18032917380332947	2.201709270477295	-2.905853748321533
247	-1.9206123352050781	-2.180330514907837	4.71058464050293
248	-2.422672748565674	-1.1052979230880737	4.235146522521973
249	-2.112851619720459	-2.0801522731781006	4.795882225036621
250	0.9426501989364624	-0.010318037122488022	-1.4634122848510742
251	-2.258122444152832	-1.9236259460449219	4.786703109741211
252	0.5321406722068787	0.4342367649078369	-1.5788378715515137
253	-2.354605197906494	-1.8097840547561646	4.729077339172363
254	-2.2549922466278076	-1.9700154066085815	4.789732456207275
255	-2.7751405239105225	2.5656301975250244	0.894683837890625
256	-2.255046844482422	-1.9643970727920532	4.809760570526123
257	-2.188809394836426	1.3807355165481567	1.3807001113891602
258	-2.6423630714416504	-0.8393169045448303	4.12626838684082
259	2.1086106300354004	0.5373267531394958	-3.464721441268921
260	-2.574470281600952	0.008558209985494614	3.199664831161499
261	-2.296475887298584	-1.8852952718734741	4.76796817779541
262	-2.2189085483551025	-2.0125203132629395	4.771675109863281
263	-2.1289687156677246	-2.0911900997161865	4.807096004486084
264	-0.08412029594182968	-0.6844329237937927	0.19463221728801727
265	2.208379030227661	0.2814810872077942	-3.306121587753296
266	-2.262381076812744	-1.980175495147705	4.790867328643799
267	-2.4563839435577393	-1.5623291730880737	4.705578327178955
268	-2.864482879638672	2.37966251373291	1.1272858381271362
269	-2.1403942108154297	-2.0817275047302246	4.802579402923584
270	-2.1293489933013916	-2.0445504188537598	4.809682846069336
271	-0.8700465559959412	3.205070972442627	-2.6126348972320557
272	-2.2934045791625977	-1.9116930961608887	4.798813343048096
273	1.4975135326385498	0.1228049099445343	-2.268381357192993
274	-2.0881006717681885	-2.1068243980407715	4.797115802764893
275	0.14849534630775452	-1.2650891542434692	0.554259181022644
276	-1.7565138339996338	1.697304129600525	-0.2930111587047577
277	-2.4858832359313965	0.3652088940143585	3.076347827911377
278	-2.145017385482788	-2.0266923904418945	4.809515476226807
279	-2.1998753547668457	-2.0250959396362305	4.787806987762451
280	1.4563159942626953	0.1424107551574707	-2.4211201667785645
281	1.6249284744262695	0.7233639359474182	-3.237067699432373
282	-2.128936290740967	-2.052061080932617	4.802361965179443
283	-2.2619433403015137	-1.9580992460250854	4.78719425201416
284	-2.1497225761413574	-2.0242655277252197	4.802803039550781
285	-1.7926719188690186	-0.6763011813163757	3.253859519958496
286	-2.1149961948394775	-0.41651296615600586	3.334552764892578
287	1.5396023988723755	1.1793339252471924	-3.4262266159057617
288	-2.2334799766540527	-1.9832861423492432	4.794936656951904
289	2.1065659523010254	0.35626330971717834	-3.193678140640259
290	2.1388185024261475	0.5542473793029785	-3.5392627716064453
291	-1.8680659532546997	0.19520847499370575	2.4387779235839844
292	2.2046573162078857	0.45733460783958435	-3.4696407318115234
293	-2.439301013946533	-1.5642368793487549	4.693525791168213
294	-0.897898256778717	2.14262318611145	-1.0550881624221802
295	-2.228271007537842	-1.987435221672058	4.796144008636475
296	-2.2471213340759277	1.9509018659591675	0.9410313367843628
297	-2.1175448894500732	-2.096524715423584	4.816558361053467
298	-1.6719212532043457	1.653139591217041	0.3485013246536255
299	1.952519178390503	0.7114250063896179	-3.4466214179992676
300	-1.493923544883728	1.763154149055481	0.3767281174659729
301	-2.1613805294036865	-2.0798215866088867	4.808459758758545
302	-2.122422695159912	-1.5013433694839478	4.283085823059082
303	-1.9117940664291382	0.6427494883537292	1.4207327365875244
304	2.0433366298675537	0.4474589228630066	-3.319289207458496
305	-1.0696762800216675	0.22765666246414185	0.9178668856620789
306	-2.789324998855591	1.7777460813522339	1.447600245475769
307	-2.1248433589935303	-2.120872735977173	4.814478874206543
308	-2.0883724689483643	-2.100759506225586	4.807104587554932
309	-2.194490909576416	-2.0264954566955566	4.811890125274658
310	-1.961639642715454	-1.1893497705459595	3.857025623321533
311	-2.100844144821167	-2.117288589477539	4.802624702453613
312	-2.4494481086730957	0.6411762237548828	2.652904510498047
313	-2.2646429538726807	-1.941999912261963	4.78848934173584
314	2.15755033493042	0.21760274469852448	-3.1803529262542725
315	-2.104370594024658	-2.1054224967956543	4.815016746520996
316	-2.5247416496276855	-1.4516762495040894	4.652562141418457
317	-1.9735255241394043	0.779148280620575	1.9368470907211304
318	-2.2234318256378174	-1.9621602296829224	4.812568187713623
319	-2.464783191680908	-1.4902843236923218	4.6391425132751465
320	-2.1685233116149902	-1.996282935142517	4.693990707397461
321	-2.1312108039855957	-1.983203649520874	4.725127696990967
322	-0.4147927761077881	-0.7840142846107483	0.8701114654541016
323	1.780225396156311	0.6736301183700562	-3.3751144409179688
324	-2.5802857875823975	-0.9959051012992859	4.307254314422607
325	-2.2367327213287354	-1.997592568397522	4.801072597503662
326	-2.196845293045044	0.8991464972496033	2.013364791870117
327	-2.130612850189209	-2.0509512424468994	4.809497356414795
328	-2.1573832035064697	-2.074049949645996	4.8037848472595215
329	-0.8425240516662598	-1.423195481300354	2.207080125808716
330	-1.9832721948623657	0.19747528433799744	2.3884167671203613
331	2.0925252437591553	0.50628262758255	-3.43858003616333
332	-1.7964494228363037	3.067316770553589	-1.0655840635299683
333	0.28681206703186035	-0.5327848196029663	-0.1558588445186615
334	-2.1053004264831543	-2.091886281967163	4.809243202209473
335	-2.51861572265625	3.1658880710601807	-0.12704917788505554
336	1.5397396087646484	1.4237916469573975	-3.734060049057007
337	-2.718461036682129	2.710472822189331	0.487075537443161
338	-2.6300129890441895	-1.4090392589569092	4.651121616363525
339	-0.8940134048461914	-0.9123907685279846	1.7920119762420654
340	-2.285762310028076	-1.8655201196670532	4.796780109405518
341	0.7959544658660889	-0.2525383532047272	-1.2859705686569214
342	-2.2843987941741943	-1.913474202156067	4.773433685302734
343	-1.916425347328186	3.5463638305664062	-1.4239994287490845
344	-2.059619665145874	-2.169038772583008	4.819947719573975
345	-2.615624189376831	-0.2939838767051697	3.619050979614258
346	-2.580073356628418	-1.3867167234420776	4.657064437866211
347	1.1494094133377075	0.2093096524477005	-2.0172321796417236
348	-2.310405969619751	-1.7392412424087524	4.68503475189209
349	-1.3447086811065674	0.27058401703834534	1.339944839477539
350	-2.354623317718506	-1.8461576700210571	4.797233581542969
351	-2.218010425567627	-1.991524338722229	4.782026290893555
352	1.246934175491333	0.3661070764064789	-2.381065845489502
353	2.190781831741333	0.3198277950286865	-3.2620739936828613
354	-2.188354969024658	-2.0359771251678467	4.812962532043457
355	-2.1256425380706787	-2.098363161087036	4.801303386688232
356	-2.2885348796844482	-1.8809947967529297	4.773777484893799
357	-2.1692309379577637	-2.0586609840393066	4.803523063659668
358	-2.1597917079925537	-0.30966147780418396	2.9751529693603516
359	-2.083721876144409	-2.126904010772705	4.8063273429870605
360	-2.125187397003174	-2.046095132827759	4.791253089904785
361	-2.1263437271118164	-2.07889461517334	4.798396587371826
362	-2.434309959411621	-1.700626015663147	4.715980052947998
363	-2.387491226196289	-1.7482434511184692	4.764245510101318
364	-2.148158073425293	-2.018805742263794	4.757094383239746
365	-2.2119226455688477	-2.008917808532715	4.811639308929443
366	0.044702835381031036	-0.685046374797821	0.16422034800052643
367	-2.204505443572998	-2.015021800994873	4.80085563659668
368	-2.093540668487549	-2.131366014480591	4.815884590148926
369	1.8830097913742065	0.5050527453422546	-3.065800189971924
370	0.32469016313552856	-0.5715110301971436	-0.2059660702943802
371	-2.336479663848877	-1.7403373718261719	4.742187023162842
372	2.112517833709717	0.5956441760063171	-3.4661741256713867
373	2.0827527046203613	0.5940765738487244	-3.4806551933288574
374	-2.119041919708252	-2.047213077545166	4.795490741729736
375	-0.6673453450202942	3.2168078422546387	-2.974323272705078
376	-2.1581687927246094	-2.0677967071533203	4.804140090942383
377	-2.13816237449646	-2.0511462688446045	4.802713871002197
378	-2.1860618591308594	-2.013427734375	4.775547981262207
379	-0.03335581719875336	-0.8078657388687134	0.36939769983291626
380	-2.473507881164551	-1.5731465816497803	4.666933059692383
381	1.8810687065124512	0.06914950162172318	-2.6551101207733154
382	-2.175792932510376	-0.10065335780382156	2.8809213638305664
383	-0.8204572796821594	-0.14342884719371796	0.6849572658538818
384	-1.422873854637146	3.3626513481140137	-2.120281934738159
385	-2.1466917991638184	-2.0698604583740234	4.812170028686523
386	-1.361069679260254	2.855299234390259	-1.3935773372650146
387	-2.4065134525299072	-1.762038230895996	4.7395758628845215
388	-1.9705506563186646	0.786572277545929	1.9117872714996338
389	-2.0394372940063477	1.6396821737289429	1.1191654205322266
390	-1.9394434690475464	1.2645859718322754	0.9144609570503235
391	-2.1031606197357178	-2.121391534805298	4.806227684020996
392	-2.164947509765625	-1.968455195426941	4.7944207191467285
393	-2.4771981239318848	-1.4722636938095093	4.62921667098999
394	-2.1792964935302734	-1.970001459121704	4.784125804901123
395	1.7763123512268066	1.2036733627319336	-3.7375268936157227
396	-2.1952710151672363	-1.9744163751602173	4.766510009765625
397	-2.137977123260498	-2.0491178035736084	4.794160842895508
398	-2.1554794311523438	-2.013941764831543	4.763611316680908
399	-2.104849100112915	3.4638164043426514	-0.957871675491333
400	-1.4148709774017334	2.4657652378082275	-1.071714162826538
401	1.8762433528900146	0.844353437423706	-3.5888752937316895
402	1.4771933555603027	1.4563932418823242	-3.6492323875427246
403	2.2584590911865234	0.19056786596775055	-3.2070465087890625
404	2.125471830368042	0.647030234336853	-3.469811201095581
405	-2.101907730102539	-2.0348806381225586	4.737002849578857
406	-2.2953102588653564	-1.8624768257141113	4.739372730255127
407	-2.190584897994995	-2.0466110706329346	4.791037082672119
408	-2.3096938133239746	2.9412760734558105	-0.3295963704586029
409	-1.9299421310424805	0.7462629675865173	2.0286457538604736
410	1.9992270469665527	0.3616129159927368	-3.0581765174865723
411	-2.3467698097229004	-1.8422675132751465	4.7736496925354
412	-2.4106369018554688	-1.723990559577942	4.721417427062988
413	2.219027519226074	0.4794076979160309	-3.4096877574920654
414	-2.72017765045166	-0.785455584526062	4.278873920440674
415	-2.3432867527008057	-0.9557862877845764	4.1440815925598145
416	-2.241866111755371	-2.0001983642578125	4.8044514656066895
417	-2.1397135257720947	-2.0780246257781982	4.801060199737549
418	2.103006601333618	0.5926999449729919	-3.3195745944976807
419	-2.363844394683838	1.2072633504867554	2.0466535091400146
420	-2.8571858406066895	-0.5209732055664062	4.105993270874023
421	-2.1316428184509277	-2.054208278656006	4.800518989562988
422	2.0825719833374023	0.39776116609573364	-3.3917901515960693
423	-2.4605376720428467	-1.6977317333221436	4.76698637008667
424	1.97366464138031	-0.21500207483768463	-2.5490057468414307
425	0.7065636515617371	1.5438889265060425	-3.0394320487976074
426	1.5892213582992554	1.2539052963256836	-3.697035789489746
427	-2.1300032138824463	3.4656291007995605	-1.394472360610962
428	-2.2847418785095215	-1.935538649559021	4.788361072540283
429	-1.61847984790802	3.613217830657959	-1.96117103099823
430	1.9561070203781128	0.2266443818807602	-3.1483445167541504
431	1.640413761138916	0.43038249015808105	-2.834899663925171
432	1.253583312034607	1.1254249811172485	-3.082411527633667
433	-2.118255138397217	-1.9541012048721313	4.649335861206055
434	-2.1554794311523438	-2.013941764831543	4.763611316680908
435	-2.1100382804870605	-2.013570547103882	4.74967098236084
436	-1.3727973699569702	-0.5503830909729004	2.4382095336914062
437	1.9928542375564575	0.5187910199165344	-3.341789960861206
438	-2.3179280757904053	0.6685669422149658	2.510140895843506
439	-2.539283037185669	-0.36623990535736084	3.793198823928833
440	-2.049074172973633	-2.1574883460998535	4.803482532501221
441	-1.5930758714675903	3.063065767288208	-1.8568758964538574
442	-2.3909687995910645	-1.747083306312561	4.770875453948975
443	-2.455326557159424	0.37715837359428406	2.9950733184814453
444	-2.196390151977539	-2.0441441535949707	4.812147617340088
445	-2.089623212814331	-2.108724355697632	4.80393648147583
446	1.8580597639083862	1.1875265836715698	-3.7875285148620605
447	-2.3337862491607666	0.3974683880805969	2.4958503246307373
448	-2.1454827785491943	-2.0730855464935303	4.810426712036133
449	1.3880268335342407	1.1758124828338623	-3.3182175159454346
450	0.5719680786132812	1.5173003673553467	-2.8957881927490234
451	-2.0918521881103516	0.8211681246757507	1.964353084564209
452	-0.9521757960319519	0.8958446383476257	-0.386659175157547
453	2.032914638519287	0.2780076265335083	-3.172804594039917
454	-2.232753276824951	-1.0046379566192627	4.002383708953857
455	-2.347963809967041	3.097910165786743	-0.44659915566444397
456	-2.462261915206909	0.17222684621810913	3.145407199859619
457	-1.9705506563186646	0.786572277545929	1.9117872714996338
458	-2.361889123916626	-1.8223408460617065	4.758033752441406
459	-1.684424877166748	3.340482711791992	-1.2886559963226318
460	-2.3232839107513428	-1.8961416482925415	4.783553600311279
461	-2.4119627475738525	-1.57285737991333	4.58422327041626
462	-2.392638921737671	0.0668366402387619	3.057559013366699
463	-2.5053412914276123	-0.7232214212417603	4.091350078582764
464	-2.405501127243042	-1.7310572862625122	4.6824750900268555
465	-2.0872724056243896	-2.0946388244628906	4.798415184020996
466	-1.7948864698410034	3.4027130603790283	-1.7647058963775635
467	1.3985873460769653	0.21125121414661407	-2.141148090362549
468	-2.18164324760437	-2.0129175186157227	4.802454471588135
469	-2.482874631881714	-1.3039500713348389	4.574697017669678
470	-2.1707372665405273	-1.9931389093399048	4.814758777618408
471	-2.6536190509796143	-0.5637686252593994	3.9656617641448975
472	-2.315716505050659	-1.851375937461853	4.8000078201293945
473	2.141803503036499	0.3767947554588318	-3.281064987182617
474	1.9259897470474243	0.6150133013725281	-3.404630661010742
475	0.5472020506858826	2.484363317489624	-3.627152919769287
476	1.974905014038086	0.37527650594711304	-3.285163164138794
477	-0.5237805247306824	-0.5374850034713745	0.8065913915634155
478	-2.5633909702301025	-1.4669640064239502	4.655365943908691
479	-2.1153995990753174	-2.068230390548706	4.790891647338867
480	-2.5695900917053223	0.5838698744773865	2.5356736183166504
481	0.29406625032424927	-1.0101923942565918	0.3502761423587799
482	-2.274498462677002	-1.8653403520584106	4.7570977210998535
483	2.112302303314209	0.6679888367652893	-3.5637357234954834
484	-2.271364450454712	-0.27975672483444214	3.4541685581207275
485	1.9951430559158325	0.5723696351051331	-3.3891799449920654
486	-1.3818541765213013	0.0995558500289917	1.5914376974105835
487	-2.640749931335449	-1.2735637426376343	4.583275318145752
488	-2.2536797523498535	-1.9540810585021973	4.7731099128723145
489	-2.2491650581359863	-1.9573957920074463	4.798287391662598
490	1.870417833328247	0.470560759305954	-3.1275672912597656
491	0.8853245377540588	0.019801679998636246	-1.4772708415985107
492	0.4429985582828522	-0.4714820384979248	-0.5391939878463745
493	-0.5477579832077026	2.8321352005004883	-2.7644853591918945
494	0.5458912253379822	0.7171609401702881	-1.7670177221298218
495	-2.5469014644622803	-1.0995584726333618	4.358219146728516
496	-1.7846907377243042	0.4542657136917114	1.9829388856887817
497	2.029397487640381	0.4316427707672119	-3.307220220565796
498	-2.2447094917297363	-1.958968997001648	4.8126912117004395
499	-2.0189754962921143	0.6942291259765625	1.613801121711731
500	-2.7534327507019043	-0.8472595810890198	4.23314905166626
501	-2.148663282394409	-2.085881233215332	4.796546459197998
502	-2.261195182800293	1.1520928144454956	1.614915132522583
503	-2.2450027465820312	2.324662685394287	0.7220438122749329
504	2.1672518253326416	-0.21187038719654083	-2.874635696411133
505	0.2840251624584198	0.30986249446868896	-0.9713934063911438
506	-2.332080602645874	-1.8238519430160522	4.743940353393555
507	-2.308309555053711	-1.8719143867492676	4.759150505065918
508	1.9528435468673706	0.301785409450531	-3.177452325820923
509	2.0193607807159424	0.7510191202163696	-3.4803049564361572
510	-1.8856756687164307	0.2561909556388855	2.259395122528076
511	-1.6720516681671143	2.754507303237915	-1.525425672531128
512	0.5425555109977722	-0.2751765251159668	-0.7255467772483826
513	-2.2364535331726074	-0.352993369102478	3.3385140895843506
514	-2.010035991668701	-2.2249674797058105	4.787680149078369
515	-2.416447877883911	-1.6102298498153687	4.704874515533447
516	0.9420660734176636	0.03160185366868973	-1.5923867225646973
517	0.4140077829360962	-0.20514482259750366	-0.7369229197502136
518	-2.2920143604278564	0.1878587156534195	3.004272699356079
519	-0.5237805247306824	-0.5374850034713745	0.8065913915634155
520	-2.1851296424865723	-2.015157699584961	4.7880635261535645
521	-2.0634400844573975	-2.183837890625	4.780887603759766
522	1.3481844663619995	-0.007570031564682722	-2.0496060848236084
523	-2.069002389907837	3.030932903289795	-0.9285879731178284
524	-2.3911890983581543	-1.7523452043533325	4.775198936462402
525	-2.3544044494628906	-1.7838839292526245	4.744751930236816
526	2.0144495964050293	0.4991365373134613	-3.4201910495758057
527	-2.2676594257354736	-1.92314875125885	4.773262977600098
528	-2.242616653442383	-0.02328449860215187	2.7909862995147705
529	-2.3585634231567383	-1.8213714361190796	4.757118225097656
530	-2.2094202041625977	-1.9634720087051392	4.796982288360596
531	-2.645462989807129	1.3942792415618896	1.9262738227844238
532	-2.2069780826568604	-2.015937089920044	4.811300754547119
533	-2.738757371902466	-1.0393786430358887	4.41064453125
534	-2.1938982009887695	-1.9833036661148071	4.7991180419921875
535	-2.712006092071533	-1.169404149055481	4.5673980712890625
536	1.4803105592727661	1.3911213874816895	-3.4978597164154053
537	2.0065107345581055	0.29465246200561523	-3.1799962520599365
538	-2.0632171630859375	-2.1455962657928467	4.814370632171631
539	-2.1006577014923096	-2.138845443725586	4.766036510467529
540	2.095327615737915	0.3703998625278473	-3.0832579135894775
541	0.8820427656173706	-0.16574253141880035	-1.3435720205307007
542	-2.0859086513519287	1.1736713647842407	1.6238861083984375
543	-2.286372661590576	-1.888674259185791	4.775799751281738
544	-1.9836546182632446	-2.0496978759765625	4.646015167236328
545	-2.250492811203003	-1.9611009359359741	4.783608436584473
546	-1.9680629968643188	0.5510470271110535	2.046837091445923
547	-0.08420093357563019	-0.36272963881492615	-0.35857245326042175
548	-2.5736873149871826	-1.4465104341506958	4.637096881866455
549	-2.7793755531311035	0.8245058655738831	2.8616514205932617
550	-2.1771140098571777	-2.0410008430480957	4.832245349884033
551	-2.7763893604278564	-0.37652960419654846	3.9425272941589355
552	-1.8176418542861938	3.650700807571411	-1.750314712524414
553	-2.609208345413208	-1.3576178550720215	4.645524501800537
554	2.1348249912261963	0.25143492221832275	-3.1725101470947266
555	-2.3869831562042236	-1.7525752782821655	4.766047954559326
556	-2.3894541263580322	-1.7001585960388184	4.728769779205322
557	-2.289321184158325	-1.9339178800582886	4.7900004386901855
558	0.6858083605766296	-0.25180691480636597	-1.0038378238677979
559	-0.300992488861084	0.5533784031867981	-0.7689473628997803
560	0.625966489315033	0.03279285132884979	-1.4535601139068604
561	-1.2699699401855469	-0.6280580163002014	1.9371564388275146
562	2.2553021907806396	0.16466020047664642	-3.2162230014801025
563	-2.549034595489502	-1.5590007305145264	4.682753086090088
564	1.9720429182052612	0.6267099380493164	-3.4158437252044678
565	1.4962646961212158	-0.12400181591510773	-1.9572914838790894
566	-2.2150723934173584	-2.0620362758636475	4.791631698608398
567	1.640413761138916	0.43038249015808105	-2.834899663925171
568	-2.442958354949951	-1.3656251430511475	4.529148101806641
569	-2.264192819595337	-1.9167309999465942	4.7670063972473145
570	-2.0356862545013428	3.375779628753662	-0.7741550207138062
571	-2.150587558746338	2.8134965896606445	-0.31870925426483154
572	-2.2890138626098633	-1.8778501749038696	4.808366775512695
573	-2.500256299972534	-1.4315458536148071	4.593639850616455
574	-2.322347402572632	-0.13650597631931305	3.4121530055999756
575	-2.1554794311523438	-2.013941764831543	4.763611316680908
576	-1.7492151260375977	-0.06841292232275009	2.1516919136047363
577	-0.09064461290836334	-0.4336302578449249	0.2727724015712738
578	-2.4857592582702637	1.578375220298767	1.72030508518219
579	-2.0686240196228027	-2.138352394104004	4.799911022186279
580	-2.7402398586273193	1.8097846508026123	1.6598618030548096
581	-1.4022367000579834	3.5354177951812744	-2.0028746128082275
582	-0.9087666273117065	0.06148945912718773	0.9530195593833923
583	-2.067359447479248	-2.1495959758758545	4.795973300933838
584	-2.2183821201324463	-1.9138678312301636	4.7420477867126465
585	0.8324024081230164	-0.3821830153465271	-1.0127991437911987
586	-1.9071481227874756	-0.6612628698348999	3.433932304382324
587	1.5489206314086914	1.0862253904342651	-3.4506404399871826
588	-2.372779607772827	-0.8214863538742065	3.766514301300049
589	-1.635192632675171	0.3664311170578003	1.5106136798858643
590	1.4491337537765503	1.3491960763931274	-3.6307826042175293
591	-2.2172133922576904	-1.9820445775985718	4.804424285888672
592	2.146836519241333	0.49205178022384644	-3.4698479175567627
593	1.2386763095855713	1.5675127506256104	-3.507176160812378
594	-1.954676866531372	0.7487778663635254	1.8516637086868286
595	-2.119943857192993	0.8643830418586731	1.9807803630828857
596	-2.633697271347046	2.738220453262329	0.38995254039764404
597	-2.0903661251068115	-2.126814842224121	4.8003411293029785
598	2.0127458572387695	0.35955458879470825	-3.287374973297119
599	2.1380727291107178	0.34480586647987366	-3.355109691619873
600	-2.3367044925689697	-1.8178523778915405	4.767944812774658
601	-2.135895013809204	-2.061673402786255	4.797761917114258
602	-2.3380770683288574	-1.836166262626648	4.781277656555176
603	-2.577207565307617	-1.0376328229904175	4.400815963745117
604	-2.4144415855407715	-1.7674663066864014	4.757493495941162
605	-2.400379180908203	-1.5736501216888428	4.622478485107422
606	1.868639588356018	0.8287591338157654	-3.36922025680542
607	-2.19767427444458	-2.0272490978240967	4.805419921875
608	-1.431169033050537	0.9400187730789185	0.9779650568962097
609	2.0214602947235107	-0.11026481539011002	-2.6358208656311035
610	-1.2398343086242676	-0.035421740263700485	1.5635030269622803
611	0.5567011833190918	2.2190518379211426	-3.412602186203003
612	-0.7186648845672607	-0.6600791811943054	1.6102631092071533
613	-2.135310649871826	-2.0846481323242188	4.826797008514404
614	-2.588714599609375	-1.2074172496795654	4.3850908279418945
615	-2.8413379192352295	0.07776188105344772	3.519374132156372
616	0.39484015107154846	1.8693406581878662	-2.753970146179199
617	-1.9718098640441895	1.2212568521499634	1.3618956804275513
618	-2.524388551712036	2.928069829940796	-0.4913721978664398
619	-2.3719472885131836	-1.7787543535232544	4.756281852722168
620	-2.3282835483551025	-1.8162192106246948	4.759438991546631
621	0.002885118592530489	2.66963529586792	-3.194258451461792
622	-2.1961443424224854	-1.985902190208435	4.798219203948975
623	-1.7627928256988525	-0.8684009313583374	3.0763986110687256
624	-2.262444019317627	-1.9706482887268066	4.7882914543151855
625	-2.4807376861572266	-1.6755226850509644	4.711943626403809
626	-2.42132830619812	-1.7609275579452515	4.738335132598877
627	-2.6412084102630615	1.4359790086746216	2.1686065196990967
628	-1.9965226650238037	1.1595627069473267	1.6853054761886597
629	-2.3569908142089844	-1.844356656074524	4.7911834716796875
630	-0.7033912539482117	-0.48439615964889526	0.8235724568367004
631	1.8121304512023926	0.7060321569442749	-3.2808969020843506
632	-2.418940544128418	0.3757114112377167	2.996889591217041
633	2.221074342727661	0.22427619993686676	-3.27302885055542
634	2.0306694507598877	0.7748624682426453	-3.47963547706604
635	-2.3816511631011963	-0.14267081022262573	3.3045403957366943
636	-2.1031341552734375	3.192279815673828	-0.7562074065208435
637	-1.1705784797668457	-0.2861454486846924	1.5207207202911377
638	2.216535806655884	0.2913079857826233	-3.3342037200927734
639	-2.4656665325164795	-1.5501741170883179	4.700260639190674
640	-2.1554794311523438	-2.013941764831543	4.763611316680908
641	-2.2426259517669678	-1.9378141164779663	4.773334503173828
642	-1.5965499877929688	0.5680268406867981	1.5437726974487305
643	-2.3134500980377197	-0.3618071377277374	3.606640338897705
644	-2.1328396797180176	-2.1192920207977295	4.797362804412842
645	-2.272641181945801	-1.8822003602981567	4.76359748840332
646	1.7243435382843018	0.8893126845359802	-3.5020768642425537
647	-2.1470072269439697	-2.089359760284424	4.8116326332092285
648	2.008275270462036	0.10203265398740768	-2.9861719608306885
649	1.7594444751739502	0.7054381966590881	-3.3239059448242188
650	-1.1023497581481934	-0.11590995639562607	1.3652671575546265
651	-2.533005714416504	1.9832440614700317	1.154410719871521
652	-2.499350070953369	1.6629191637039185	1.3691329956054688
653	-2.3167481422424316	-1.7070074081420898	4.690726280212402
654	-2.5539917945861816	-1.483884334564209	4.667556285858154
655	-2.0393495559692383	-2.160421371459961	4.783860683441162
656	-2.4331307411193848	0.6633700728416443	2.4938528537750244
657	-2.3638100624084473	-1.8272508382797241	4.754633903503418
658	0.6003633141517639	-0.245854452252388	-1.0200144052505493
659	-2.0951664447784424	-2.1058833599090576	4.788384914398193
660	-2.5893914699554443	3.2548882961273193	-0.22308845818042755
661	-2.3624749183654785	-1.6427937746047974	4.6694817543029785
662	-2.1152851581573486	-2.0743701457977295	4.795592308044434
663	-2.204493522644043	-1.979488492012024	4.7910943031311035
664	0.6181100606918335	-0.7350483536720276	-0.49459224939346313
665	-2.6525819301605225	-1.2539218664169312	4.567997932434082
666	-1.2598769664764404	0.02066216990351677	1.2325931787490845
667	-2.087512969970703	-2.1264915466308594	4.813663959503174
668	1.9653743505477905	0.7573433518409729	-3.5364573001861572
669	-2.1778087615966797	-2.053072214126587	4.778221130371094
670	0.05331610143184662	0.730468213558197	-1.0761139392852783
671	2.107773542404175	0.5947988629341125	-3.4956588745117188
672	-2.1961421966552734	-1.9813874959945679	4.787095069885254
673	-2.1790668964385986	-2.042731523513794	4.791123867034912
674	-2.352957010269165	-0.9627386927604675	4.066819667816162
675	-2.395479679107666	-1.5065460205078125	4.442711353302002
676	2.210083484649658	0.412202388048172	-3.4039297103881836
677	-2.439283609390259	-1.7069352865219116	4.72779655456543
678	-2.221752166748047	-1.9463112354278564	4.78263521194458
679	2.0521984100341797	0.4627809226512909	-3.3789827823638916
680	-2.2473738193511963	-1.9804853200912476	4.794247150421143
681	-1.9341593980789185	0.5201489925384521	1.4621710777282715
682	-2.356804132461548	2.5955474376678467	0.48639023303985596
683	-2.1561334133148193	-2.0775675773620605	4.817099094390869
684	-2.3071959018707275	-1.9014369249343872	4.750521659851074
685	-0.21059516072273254	-0.5619392991065979	0.3791942894458771
686	-2.2781574726104736	-1.8904391527175903	4.791568279266357
687	-0.8094856142997742	3.0997581481933594	-2.6648008823394775
688	-2.3169820308685303	-1.852734088897705	4.770394325256348
689	-2.3517701625823975	-0.674941897392273	3.591209650039673
690	1.5134433507919312	-0.3814845383167267	-1.7480305433273315
691	-2.1953210830688477	-1.934466004371643	4.760725498199463
692	-1.8958568572998047	0.37917953729629517	2.055036783218384
693	-2.1742210388183594	-2.0509300231933594	4.787746906280518
694	-2.3865952491760254	-0.6826708912849426	3.7051138877868652
695	-2.108544111251831	-2.0996880531311035	4.809302806854248
696	-2.1548075675964355	-2.050814151763916	4.80582332611084
697	-2.211383819580078	-1.9631644487380981	4.795355319976807
698	-2.1855366230010986	-2.0532989501953125	4.773392677307129
699	-2.6809964179992676	3.0238118171691895	0.1982911229133606
700	-2.2055916786193848	-1.4151651859283447	4.24583625793457
701	-2.2794547080993652	0.49560439586639404	2.309626340866089
702	-0.0013068836415186524	-0.1625298708677292	-0.059259772300720215
703	-2.7251968383789062	-0.8527899384498596	4.310805320739746
704	2.130988121032715	0.2771229147911072	-3.2591609954833984
705	-2.492025136947632	-1.3856018781661987	4.575242042541504
706	-1.6661648750305176	2.270404577255249	-0.4433097243309021
707	-2.4226510524749756	-1.5613561868667603	4.676363468170166
708	0.2747367024421692	2.4748289585113525	-3.329911947250366
709	0.7953540682792664	-0.13933375477790833	-1.1648128032684326
710	-0.9517049193382263	3.1666347980499268	-2.5492117404937744
711	-1.6869573593139648	1.9193470478057861	0.5340070128440857
712	2.111353635787964	0.34510523080825806	-3.1799023151397705
713	-2.4010603427886963	-1.7680659294128418	4.746108055114746
714	-2.2507615089416504	-1.9672702550888062	4.794412136077881
715	-2.201726198196411	-2.026759147644043	4.7947797775268555
716	-2.1057119369506836	-2.141159772872925	4.800509929656982
717	-2.200117588043213	-2.00673246383667	4.803972244262695
718	-2.44499135017395	-1.6121461391448975	4.729765892028809
719	-2.757195472717285	-1.112247347831726	4.53480339050293
720	-1.8765332698822021	3.6656248569488525	-1.546944260597229
721	2.0855519771575928	0.15794417262077332	-3.1596832275390625
722	-2.097533941268921	-2.1134908199310303	4.7809271812438965
723	-2.337667226791382	-1.819909930229187	4.780435085296631
724	1.0629311800003052	-0.053872641175985336	-1.56266188621521
725	2.128258228302002	0.4186941087245941	-3.3975887298583984
726	-2.3240466117858887	-0.3145606517791748	3.3783092498779297
727	2.2401392459869385	0.16491921246051788	-3.257265329360962
728	-2.2763314247131348	-1.7046931982040405	4.606549263000488
729	-2.1436080932617188	-2.1027588844299316	4.7858357429504395
730	-2.238523244857788	-1.9307786226272583	4.771368980407715
731	1.8751933574676514	0.5402043461799622	-3.294109344482422
732	-2.2160043716430664	-1.9778300523757935	4.803644180297852
733	2.1576597690582275	0.1822003573179245	-3.066433906555176
734	2.2403147220611572	0.06774965673685074	-3.1403675079345703
735	-1.4535202980041504	3.5300064086914062	-2.0935349464416504
736	-1.0007305145263672	3.1884002685546875	-2.436480760574341
737	-2.11299204826355	-2.077622175216675	4.812755584716797
738	-2.3742334842681885	0.948665976524353	2.3132519721984863
739	-2.284367561340332	-1.929308295249939	4.804590225219727
740	-2.378223180770874	-1.7803114652633667	4.773841857910156
741	-2.208444833755493	-2.0140092372894287	4.823904514312744
742	-2.4805686473846436	2.7290310859680176	0.508794903755188
743	-1.8770393133163452	1.77608060836792	0.39967069029808044
744	1.8780936002731323	0.5595648884773254	-3.3504385948181152
745	-2.2114431858062744	-0.7516429424285889	3.813000440597534
746	-2.202275037765503	-2.0492799282073975	4.808584213256836
747	-2.1026573181152344	-2.1081035137176514	4.805367469787598
748	-1.3005192279815674	1.8865790367126465	-1.1599535942077637
749	-2.109250545501709	-2.104452610015869	4.792856693267822
750	-1.6801674365997314	3.4305100440979004	-1.6813832521438599
751	1.8893588781356812	0.054122284054756165	-2.6149871349334717
752	-2.4527225494384766	-1.685632348060608	4.7401509284973145
753	-2.4534425735473633	-1.6993907690048218	4.754694938659668
754	-2.450118064880371	-1.6354161500930786	4.7110915184021
755	-2.290212392807007	-1.8916751146316528	4.804139137268066
756	2.1392483711242676	0.3492984175682068	-3.2969086170196533
757	-0.9360817074775696	3.2237226963043213	-2.7607967853546143
758	1.9512255191802979	0.30899545550346375	-3.152914047241211
759	-2.311020612716675	-1.8881815671920776	4.791356563568115
760	1.1571403741836548	1.6200076341629028	-3.6068172454833984
761	2.127458333969116	-0.0938563272356987	-2.8081092834472656
762	-2.2270638942718506	-1.9865813255310059	4.773571968078613
763	-2.085198402404785	-2.122319221496582	4.7984538078308105
764	1.063063144683838	0.8671411275863647	-2.557811975479126
765	-2.0344200134277344	3.4369306564331055	-1.418524980545044
766	-2.151787042617798	-2.0417699813842773	4.812109470367432
767	2.052114486694336	0.08947869390249252	-3.0148162841796875
768	0.6501187086105347	-0.1621105819940567	-1.0326013565063477
769	2.1478829383850098	0.32433146238327026	-3.3592729568481445
770	2.164170026779175	0.3077722191810608	-3.32525897026062
771	2.1650049686431885	0.2051645666360855	-3.2479703426361084
772	2.0895636081695557	0.2796265482902527	-3.2229859828948975
773	2.0965566635131836	0.31745633482933044	-3.2975192070007324
774	-1.9705506563186646	0.786572277545929	1.9117872714996338
775	-2.46067476272583	3.1171579360961914	-0.1839527189731598
776	-2.216787815093994	-2.015810012817383	4.799577236175537
777	-2.638080596923828	0.9312822222709656	2.530052661895752
778	-2.234969139099121	-1.9709285497665405	4.81565523147583
779	-1.8035900592803955	-0.28812214732170105	2.824201822280884
780	2.1185741424560547	0.45706707239151	-3.299293041229248
781	-2.9257168769836426	2.670804023742676	0.7181518077850342
782	-1.933945894241333	0.6556079387664795	1.840645432472229
783	-1.5608701705932617	0.2478753626346588	1.7453783750534058
784	2.193134307861328	0.3284432888031006	-3.379971504211426
785	-2.3317644596099854	-1.8128008842468262	4.763229846954346
786	0.599516749382019	1.4028321504592896	-2.7603952884674072
787	-2.2040181159973145	-2.002857208251953	4.801621913909912
788	1.2010037899017334	1.7446627616882324	-3.7934162616729736
789	-2.5191490650177	0.5734622478485107	2.418494939804077
790	-2.0966098308563232	1.795824646949768	0.954535722732544
791	-0.43695908784866333	0.9786519408226013	-1.141818881034851
792	-1.9322054386138916	3.407020092010498	-1.5606379508972168
793	-2.1140830516815186	-1.9455240964889526	4.697328090667725
794	-2.1248645782470703	-2.09043025970459	4.808417320251465
795	-2.428436040878296	-1.7027274370193481	4.763060569763184
796	-2.088972568511963	3.351360321044922	-1.4875342845916748
797	0.20554524660110474	1.529334306716919	-2.296070098876953
798	-2.07358980178833	-2.167759656906128	4.819799900054932
799	2.174891471862793	0.3050801157951355	-3.265850067138672
800	-2.21724796295166	0.48071786761283875	2.1555304527282715
801	-2.532823085784912	-1.3438347578048706	4.547421932220459
802	-1.8397235870361328	3.659956693649292	-1.6970654726028442
803	-2.5445494651794434	-1.4797049760818481	4.666566848754883
804	-0.7732592821121216	-0.028941139578819275	0.666070818901062
805	2.131392240524292	0.2462347000837326	-3.1525070667266846
806	-1.9328103065490723	0.3019086718559265	2.1908693313598633
807	-2.30761456489563	-0.5832949280738831	3.738638162612915
808	1.5168989896774292	0.29216599464416504	-2.6194980144500732
809	0.10771534591913223	-0.30845585465431213	-0.10008926689624786
810	-2.3247852325439453	-1.842826247215271	4.789926528930664
811	-2.6332592964172363	0.9882196187973022	2.4968385696411133
812	-0.3850998282432556	2.8670005798339844	-3.011225461959839
813	-2.2131917476654053	-2.0157852172851562	4.8003644943237305
814	-2.5019922256469727	-1.2102102041244507	4.245643615722656
815	-2.130078077316284	-2.0973472595214844	4.788867473602295
816	-2.3917787075042725	-1.6303261518478394	4.713528156280518
817	-2.7317392826080322	-1.0471479892730713	4.331398963928223
818	-2.1988184452056885	-2.0046255588531494	4.793127059936523
819	-2.329460620880127	-1.826778769493103	4.754947662353516
820	1.7421993017196655	1.0882501602172852	-3.5393340587615967
821	1.0801331996917725	-0.2984117567539215	-1.3918442726135254
822	2.1601545810699463	0.2601718306541443	-3.215709924697876
823	-2.4669556617736816	1.4313292503356934	1.8411086797714233
824	-2.415968418121338	-1.6348060369491577	4.672130107879639
825	-2.1561052799224854	-2.06945538520813	4.796613693237305
826	-2.0549490451812744	-2.191437005996704	4.784661293029785
827	-1.9796160459518433	-2.2516350746154785	4.798819541931152
828	-2.1726951599121094	-2.055676221847534	4.806107521057129
829	-0.3830417990684509	-0.2982965111732483	0.6079195141792297
830	-2.233994722366333	-1.9454238414764404	4.793867588043213
831	-2.108017921447754	-2.107203960418701	4.802961826324463
832	0.9320268034934998	1.239092230796814	-2.7840495109558105
833	-2.8293118476867676	-0.01936439424753189	3.6971073150634766
834	1.4998986721038818	0.05472734943032265	-2.0691165924072266
835	1.211976170539856	0.12581180036067963	-1.9692027568817139
836	1.3967009782791138	0.015369553118944168	-2.054165840148926
837	-2.1872682571411133	-1.979777216911316	4.803194522857666
838	1.8278493881225586	0.118955597281456	-2.730017900466919
839	-2.4083309173583984	-0.32325878739356995	3.519221782684326
840	-2.3409714698791504	-0.6847397089004517	3.83874773979187
841	-2.0687692165374756	-2.130356788635254	4.7950520515441895
842	-2.299271821975708	-1.9379606246948242	4.743450164794922
843	-2.218153715133667	-2.000196695327759	4.78048849105835
844	-2.1171655654907227	-2.0944113731384277	4.8095221519470215
845	-2.2583491802215576	-1.975723385810852	4.744726657867432
846	-2.3816678524017334	0.4247652292251587	2.9180567264556885
847	1.8594725131988525	0.725257396697998	-3.263425350189209
848	-2.2961578369140625	0.7226738333702087	2.3322834968566895
849	-1.3103296756744385	2.9664466381073	-1.7905244827270508
850	-2.2250430583953857	-1.9895683526992798	4.810359001159668
851	-0.8886798620223999	-1.0723963975906372	1.919969081878662
852	-2.291468620300293	-1.8626075983047485	4.775630950927734
853	1.3052550554275513	-0.1454402655363083	-1.8617222309112549
854	-2.844536542892456	2.8779799938201904	0.3813249170780182
855	-1.2831106185913086	0.29385969042778015	1.123144268989563
856	-2.3627049922943115	-1.748236894607544	4.7862229347229
857	2.1695432662963867	0.1914987862110138	-3.2359328269958496
858	-1.7842605113983154	-1.0721668004989624	3.510894536972046
859	-2.287064552307129	-1.9156146049499512	4.7899250984191895
860	-2.2211384773254395	-2.0110116004943848	4.810810565948486
861	2.017132520675659	0.5290125608444214	-3.3864898681640625
862	-1.686689853668213	3.6137633323669434	-2.0002031326293945
863	-2.4236514568328857	-0.5749801993370056	3.7933027744293213
864	-2.4285879135131836	3.1019515991210938	-0.2916155159473419
865	-2.0879151821136475	-0.9942242503166199	3.9300377368927
866	-0.6354008316993713	2.675358772277832	-2.2550058364868164
867	-2.4644994735717773	-1.6139415502548218	4.729984283447266
868	-0.7409337759017944	0.04811476543545723	0.6647975444793701
869	-1.9735255241394043	0.779148280620575	1.9368470907211304
870	-2.021028995513916	-2.2169785499572754	4.802213668823242
871	2.15572452545166	0.3550819158554077	-3.2606148719787598
872	-1.9823112487792969	-2.2194931507110596	4.740235328674316
873	-2.2479331493377686	-1.9762300252914429	4.789510726928711
874	-1.717341661453247	3.6052210330963135	-1.9863667488098145
875	0.7546605467796326	-0.5022571086883545	-0.7227444648742676
876	-2.8178563117980957	1.7160269021987915	1.8598124980926514
877	-2.5378918647766113	0.33354175090789795	3.1811444759368896
878	1.0251116752624512	-0.4238095283508301	-1.018735647201538
879	-2.124908685684204	1.3002053499221802	1.6572206020355225
880	-2.134911298751831	-2.0608646869659424	4.804244041442871
881	-0.774825394153595	0.2752608358860016	0.3197367787361145
882	1.9891399145126343	0.4731628894805908	-3.206353187561035
883	-2.175370216369629	2.580345630645752	0.14789415895938873
884	-0.6785581707954407	3.1054224967956543	-2.6501240730285645
885	1.5573999881744385	1.4368985891342163	-3.750302314758301
886	-1.7325160503387451	-0.2995445430278778	2.7145183086395264
887	-1.9643042087554932	-2.2777726650238037	4.763582229614258
888	-2.3293046951293945	-1.8637912273406982	4.751145839691162
889	2.2106361389160156	0.35778310894966125	-3.31911301612854
890	-2.109170913696289	-2.0829224586486816	4.798120498657227
891	-2.3074898719787598	-1.9055699110031128	4.791415691375732
892	-2.2737317085266113	-1.9187017679214478	4.798720359802246
893	-2.4203970432281494	-0.07125844806432724	3.104983329772949
894	2.1337897777557373	0.3380615711212158	-3.311335802078247
895	-2.738739490509033	1.988615870475769	1.8022410869598389
896	-2.138303756713867	-2.057770013809204	4.769261837005615
897	-2.052021026611328	-2.17580246925354	4.795928001403809
898	-2.162151575088501	-2.0311803817749023	4.787558078765869
899	-2.698322296142578	0.7632908225059509	2.652181625366211
900	-2.264195442199707	-1.9453060626983643	4.813948631286621
901	2.1804308891296387	0.4345170259475708	-3.3542282581329346
902	-2.248054265975952	-1.941590428352356	4.816999912261963
903	2.1513683795928955	0.32150471210479736	-3.266425132751465
904	-2.1455891132354736	-2.0560243129730225	4.79218864440918
905	-2.4337847232818604	-0.777489960193634	3.952948808670044
906	-2.760974407196045	-0.7067845463752747	4.212069511413574
907	-2.254453420639038	-1.9415273666381836	4.756528377532959
908	2.1573173999786377	0.5699822306632996	-3.4941439628601074
909	-1.373237133026123	0.415303498506546	1.0904110670089722
910	1.68743097782135	0.06026321277022362	-2.3794846534729004
911	-2.3511953353881836	-1.7616788148880005	4.763015270233154
912	-2.241795301437378	-1.764525294303894	4.667737007141113
913	-2.125622510910034	-2.073044776916504	4.7980523109436035
914	-2.09733510017395	-2.117072105407715	4.797354221343994
915	-2.965852737426758	1.5071890354156494	2.0040688514709473
916	-2.2728822231292725	-1.9501817226409912	4.779902458190918
917	1.9892966747283936	0.15593646466732025	-2.7225494384765625
918	-2.699951410293579	-1.2239269018173218	4.524678707122803
919	2.112549304962158	0.6303381323814392	-3.4627280235290527
920	1.8769686222076416	1.0207324028015137	-3.7131659984588623
921	-2.4040322303771973	-1.5984952449798584	4.623958587646484
922	-2.2015562057495117	-2.008784532546997	4.792839527130127
923	-2.366755723953247	0.14072851836681366	3.1748156547546387
924	0.8874234557151794	1.5521833896636963	-3.0712904930114746
925	-1.730297327041626	0.4468590021133423	1.9477134943008423
926	-2.386131525039673	-1.8163732290267944	4.76339054107666
927	1.6637910604476929	0.2815258800983429	-2.841221570968628
928	-2.658644437789917	-1.1440558433532715	4.274859428405762
929	1.9774208068847656	0.8232173323631287	-3.635874032974243
930	1.6373249292373657	0.9382384419441223	-3.417231798171997
931	2.203498601913452	0.4677650034427643	-3.4522528648376465
932	1.938286542892456	0.6035369634628296	-3.3999922275543213
933	-2.732056140899658	-0.3231228291988373	3.9437572956085205
934	-2.2366511821746826	-1.9019695520401	4.7548675537109375
935	1.9364492893218994	0.4482254385948181	-3.3007917404174805
936	-0.5575494766235352	-0.5695831775665283	0.7647832036018372
937	1.8150014877319336	0.8545860052108765	-3.4797871112823486
938	2.181772470474243	0.3586130142211914	-3.3503482341766357
939	1.559205174446106	-0.056270141154527664	-2.0608322620391846
940	2.103764057159424	0.5999285578727722	-3.509451150894165
941	-2.4214978218078613	-0.24347585439682007	3.475996494293213
942	2.0138938426971436	0.7666285634040833	-3.563708782196045
943	1.093371868133545	-0.5999168157577515	-1.4085681438446045
944	-2.357255697250366	-1.1860002279281616	4.351047039031982
945	-2.1820125579833984	-2.008030652999878	4.810947895050049
946	2.1596875190734863	0.03610522672533989	-3.090380907058716
947	-0.5436056852340698	2.667271375656128	-2.800562620162964
948	1.0287705659866333	-0.2515619099140167	-1.3208359479904175
949	1.8479255437850952	0.8325092792510986	-3.23664927482605
950	-2.147662878036499	-2.0908942222595215	4.80668830871582
951	-2.2416086196899414	-1.9177336692810059	4.764974117279053
952	-1.871748924255371	1.4288078546524048	1.1709932088851929
953	-2.094087600708008	-2.1039674282073975	4.820245265960693
954	-2.6088485717773438	-1.238427758216858	4.535091876983643
955	-2.045767307281494	-2.1897964477539062	4.797063827514648
956	-0.8075087666511536	1.444535255432129	-0.6836512684822083
957	2.0193846225738525	0.23109464347362518	-3.141636848449707
958	-2.122584819793701	-2.0706870555877686	4.794159889221191
959	-2.356952667236328	-1.7858238220214844	4.78899621963501
960	1.7523456811904907	0.8192759156227112	-3.3341474533081055
961	-1.6910227537155151	0.4477827250957489	1.7241851091384888
962	1.5843286514282227	-0.09071611613035202	-2.2402329444885254
963	-2.6268491744995117	-1.2659268379211426	4.585134506225586
964	-2.1704840660095215	-2.012869119644165	4.780435562133789
965	2.1517295837402344	0.22419039905071259	-3.116593360900879
966	-2.144869089126587	0.44972968101501465	2.419771432876587
967	-2.1777496337890625	3.3410069942474365	-0.8642400503158569
968	-2.4053313732147217	3.1952102184295654	-0.4891182780265808
969	-2.1655373573303223	-2.0566246509552	4.810935020446777
970	-2.3214805126190186	3.132577657699585	-0.4250034987926483
971	-1.6210713386535645	0.6590015292167664	1.4342000484466553
972	-2.49950909614563	-0.16948531568050385	3.5105857849121094
973	-2.1629738807678223	3.0225586891174316	-0.22192107141017914
974	1.8598098754882812	0.7421256899833679	-3.514434814453125
975	-1.9429662227630615	2.505923271179199	0.12002317607402802
976	2.165236234664917	0.3074043393135071	-3.2794277667999268
977	-1.2605669498443604	1.855519413948059	-0.1561129093170166
978	-2.136007785797119	-1.9586191177368164	4.764072418212891
979	-2.5093958377838135	3.0631189346313477	0.06713400036096573
980	1.8355789184570312	0.7699883580207825	-3.445328712463379
981	-2.233844757080078	-1.9784973859786987	4.788370609283447
982	-2.185945987701416	-1.974839687347412	4.794833660125732
983	-1.9385524988174438	0.4487226903438568	2.193333387374878
984	-2.2709052562713623	-1.846239447593689	4.749332904815674
985	-2.136657953262329	-2.0245983600616455	4.793367385864258
986	-2.1699137687683105	-1.826958417892456	4.672863960266113
987	1.6142921447753906	0.9245612025260925	-3.4432296752929688
988	-2.506911277770996	-0.834217369556427	3.966949939727783
989	-2.4355382919311523	0.30787214636802673	3.1132113933563232
990	-2.3889682292938232	-1.1771199703216553	4.255175590515137
991	-2.408207654953003	-1.7090859413146973	4.7396559715271
992	-2.1208713054656982	-2.090010166168213	4.814764976501465
993	-2.829551935195923	1.986504316329956	1.3723458051681519
994	2.045165777206421	0.46290096640586853	-3.3347318172454834
995	2.033935546875	0.24364449083805084	-3.1111953258514404
996	1.7927621603012085	0.1641710251569748	-2.6900906562805176
997	-2.076930522918701	-2.0994656085968018	4.795770645141602
998	0.6439568996429443	-0.05652071535587311	-1.2450696229934692
999	-2.2620699405670166	-1.9823899269104004	4.7742815017700195
1000	-2.3905487060546875	1.0044080018997192	2.1633996963500977
1001	-2.070598840713501	1.8167701959609985	0.9398150444030762
1002	2.002711057662964	0.765971302986145	-3.5971202850341797
1003	2.113572835922241	0.3415791988372803	-3.353771686553955
1004	-1.9918239116668701	-2.2460474967956543	4.7671895027160645
1005	0.9389036297798157	-0.6423282623291016	-0.9720127582550049
1006	-2.033111333847046	-2.1833925247192383	4.807811260223389
1007	-2.420811414718628	-0.44421735405921936	3.667696714401245
1008	-2.1069493293762207	-2.073343276977539	4.799826622009277
1009	-2.843766689300537	-0.6497101783752441	4.212060451507568
1010	-2.0498616695404053	-2.163694381713867	4.792058944702148
1011	-1.3549964427947998	0.13157567381858826	1.392313003540039
1012	-2.873485565185547	-0.027480047196149826	3.659384250640869
1013	-2.1718697547912598	-1.987491250038147	4.784585952758789
1014	2.0076777935028076	0.6147872805595398	-3.4867818355560303
1015	-0.23210932314395905	2.135617971420288	-2.286764621734619
1016	-2.276540517807007	-1.8625003099441528	4.743223190307617
1017	-2.1505401134490967	-2.056756019592285	4.803252696990967
1018	-2.25787353515625	-1.9347690343856812	4.79874849319458
1019	-2.061689615249634	-2.1689951419830322	4.799040794372559
1020	1.6828800439834595	-0.08256466686725616	-2.3408751487731934
1021	2.2177038192749023	0.20766635239124298	-3.2066521644592285
1022	-2.0323586463928223	-2.194762945175171	4.802213191986084
1023	-1.2969958782196045	0.0671967938542366	1.4661028385162354
1024	-2.1271610260009766	-2.0843021869659424	4.798293590545654
1025	0.5055564045906067	-0.28838813304901123	-0.7263938188552856
1026	-1.1347302198410034	-0.11873748153448105	1.4509854316711426
1027	-2.434945583343506	0.10146280378103256	3.1045618057250977
1028	-2.3630709648132324	-1.81847083568573	4.771962642669678
1029	-0.7209351062774658	2.080287218093872	-1.7755650281906128
1030	-2.2442820072174072	-0.5806857943534851	3.697981595993042
1031	-2.14622163772583	-2.077571153640747	4.804835796356201
1032	-2.1007485389709473	-2.097079038619995	4.798867225646973
1033	-2.118076801300049	-2.0983762741088867	4.7837958335876465
1034	-2.7574188709259033	0.36984777450561523	2.852118492126465
1035	2.0476222038269043	0.21950183808803558	-3.177551507949829
1036	1.3300342559814453	-0.19523300230503082	-1.7306479215621948
1037	-1.6380112171173096	3.5572080612182617	-2.0682387351989746
1038	1.9297362565994263	0.6892678141593933	-3.4624998569488525
1039	-2.0588629245758057	-2.1684606075286865	4.8087639808654785
1040	-2.1526217460632324	-2.059950828552246	4.8081183433532715
1041	-1.721604824066162	0.3926805257797241	1.8259280920028687
1042	-1.3089940547943115	0.47874462604522705	0.8579900860786438
1043	-2.103586435317993	-2.1012606620788574	4.795650959014893
1044	-2.09000301361084	-2.087817907333374	4.809445858001709
1045	-2.365499973297119	-1.7866148948669434	4.741801738739014
1046	1.9796109199523926	0.35479915142059326	-3.26404070854187
1047	1.8813796043395996	0.3764766454696655	-2.8719630241394043
1048	-2.1382014751434326	-2.0352540016174316	4.805027484893799
1049	-1.7250328063964844	-1.0660780668258667	3.0041542053222656
1050	-1.6511542797088623	-0.2616378664970398	2.4755618572235107
1051	2.221052885055542	0.025674786418676376	-3.122622013092041
1052	-0.803831160068512	-0.13346180319786072	1.1905455589294434
1053	-2.5455145835876465	3.339263439178467	-0.5713915824890137
1054	-2.4860496520996094	2.7677650451660156	0.3130946755409241
1055	-2.5948030948638916	-0.7698221802711487	4.132241725921631
1056	-1.7058502435684204	0.4868590533733368	1.744559407234192
1057	-2.357311964035034	-1.8265663385391235	4.768989086151123
1058	1.2948477268218994	-0.069756880402565	-1.881295084953308
1059	-1.929640769958496	1.106860876083374	1.3329910039901733
1060	-2.2836782932281494	-1.94085693359375	4.801393032073975
1061	2.084486246109009	0.23674966394901276	-3.167295455932617
1062	-2.17598557472229	-2.0290427207946777	4.803591251373291
1063	2.1636533737182617	0.6064069271087646	-3.531064987182617
1064	-2.460981845855713	-1.198460340499878	4.3927483558654785
1065	-2.252551794052124	-2.0030179023742676	4.751978397369385
1066	-2.1012122631073	-0.04909317567944527	2.643803119659424
1067	-2.192697525024414	-1.9237340688705444	4.758505344390869
1068	-2.091931104660034	-2.108576774597168	4.79404878616333
1069	1.566582202911377	0.3330678939819336	-2.539635181427002
1070	-2.425102949142456	-1.7625468969345093	4.7438507080078125
1071	-2.212169647216797	-1.9644520282745361	4.810093402862549
1072	-2.415745258331299	-1.25528085231781	4.428560733795166
1073	-2.411364793777466	-1.7103251218795776	4.752060890197754
1074	2.165667772293091	0.334006667137146	-3.277042865753174
1075	-1.4794840812683105	1.509462833404541	0.11756841093301773
1076	0.5483636856079102	0.22145424783229828	-1.4516985416412354
1077	-2.3831875324249268	-1.8164851665496826	4.7693190574646
1078	-2.6690282821655273	-1.239431381225586	4.543517589569092
1079	-0.6380347609519958	-0.6490811705589294	1.0671299695968628
1080	-2.722592353820801	-0.7045800685882568	4.172370433807373
1081	0.41489142179489136	1.526955485343933	-2.4631800651550293
1082	-2.303788900375366	3.3867223262786865	-0.8862815499305725
1083	-2.3239574432373047	-0.4292448163032532	3.540140390396118
1084	-2.457058906555176	-0.7529929280281067	3.994687080383301
1085	-1.9974143505096436	2.6137752532958984	-0.32084962725639343
1086	-2.1393473148345947	-2.0076956748962402	4.766884803771973
1087	-2.2824578285217285	-0.6220158338546753	3.8010594844818115
1088	1.832798719406128	0.8128247261047363	-3.45658802986145
1089	-1.2594242095947266	3.083725690841675	-2.146217107772827
1090	1.9747614860534668	0.6578380465507507	-3.511533260345459
1091	-1.9706376791000366	-2.2616374492645264	4.796450614929199
1092	-2.449012279510498	0.6705987453460693	2.751063346862793
1093	-2.0655500888824463	-2.13519549369812	4.810085296630859
1094	-1.3022100925445557	3.5496582984924316	-2.238525629043579
1095	-0.05054384469985962	2.84560227394104	-3.281132698059082
1096	-2.1763601303100586	-1.9781044721603394	4.75322151184082
1097	-2.710526704788208	-1.0847787857055664	4.482439994812012
1098	-2.131918430328369	-2.0910985469818115	4.806126117706299
1099	-0.6084728240966797	-0.09118031710386276	0.7799051403999329
1100	1.2587529420852661	1.2880362272262573	-3.437648296356201
1101	-1.9800297021865845	0.8043028712272644	1.8785114288330078
1102	-2.121370553970337	0.12449529021978378	2.7648632526397705
1103	-1.874985933303833	0.6821686625480652	2.018307685852051
1104	-2.0585341453552246	3.42899489402771	-1.0597209930419922
1105	-2.7856273651123047	-0.5196080803871155	4.11602783203125
1106	-1.340160846710205	3.008509635925293	-1.9041157960891724
1107	1.8966126441955566	0.3539900481700897	-3.174389362335205
1108	-1.9407600164413452	0.6466624140739441	1.6083056926727295
1109	-2.25937819480896	-1.9295941591262817	4.766083240509033
1110	1.8592339754104614	1.0049686431884766	-3.6246211528778076
1111	-0.5072560906410217	-0.5656247735023499	0.7888153791427612
1112	1.9822187423706055	0.31154194474220276	-2.889591693878174
1113	-2.790917158126831	2.3901782035827637	1.1232783794403076
1114	-2.370016098022461	-1.4388655424118042	4.519528388977051
1115	-2.1474502086639404	-2.0924108028411865	4.818295001983643
1116	-2.058980703353882	-2.1404430866241455	4.793808460235596
1117	2.0143423080444336	0.48429885506629944	-3.3306758403778076
1118	-0.21239210665225983	2.857386350631714	-3.222397804260254
1119	-0.4519966244697571	-0.47121232748031616	0.4667988121509552
1120	0.543730616569519	-0.9832793474197388	-0.0553760901093483
1121	2.0088577270507812	0.34101203083992004	-3.173323154449463
1122	-2.1937479972839355	-2.02291202545166	4.80499267578125
1123	1.9576289653778076	0.4910942316055298	-3.3353660106658936
1124	-2.194894790649414	-2.047274112701416	4.777958393096924
1125	-2.1908175945281982	-1.9704989194869995	4.789663791656494
1126	1.6246850490570068	0.5047891139984131	-2.603341579437256
1127	-2.3131680488586426	-1.8770875930786133	4.775503158569336
1128	-2.3576667308807373	-1.7386137247085571	4.748584747314453
1129	-2.3992936611175537	-1.6775970458984375	4.738668918609619
1130	0.7265511155128479	-0.5584585666656494	-0.7412981986999512
1131	-2.2901265621185303	-1.4485881328582764	4.476132869720459
1132	-2.094726800918579	3.3245697021484375	-1.0938239097595215
1133	-2.0683836936950684	3.517216444015503	-1.4602599143981934
1134	-1.0233221054077148	2.822711944580078	-1.9110586643218994
1135	-2.713221788406372	-0.8256847858428955	4.2633867263793945
1136	-2.4915313720703125	-0.986332356929779	4.149336814880371
1137	-0.39553743600845337	-0.704243004322052	0.7307886481285095
1138	-2.269618511199951	-1.883632779121399	4.7780327796936035
1139	-2.306654691696167	-1.9097002744674683	4.768768310546875
1140	-2.646247148513794	-1.0757496356964111	4.4655585289001465
1141	1.2235068082809448	0.22749829292297363	-2.073478937149048
1142	-2.0951664447784424	-2.1058833599090576	4.788384914398193
1143	1.715883731842041	0.6097838282585144	-3.1758034229278564
1144	1.820988655090332	0.6210740208625793	-3.2294576168060303
1145	1.974731683731079	0.638210117816925	-3.4834303855895996
1146	-2.2059035301208496	-1.9767968654632568	4.788547515869141
1147	2.236919403076172	0.25148794054985046	-3.3014984130859375
1148	-2.6617705821990967	-0.2921906113624573	3.4641494750976562
1149	-2.374025821685791	-1.6790910959243774	4.730562686920166
1150	1.9303200244903564	0.6648286581039429	-3.3712568283081055
1151	-2.4603452682495117	-1.6878513097763062	4.743999004364014
1152	-2.628638744354248	1.0858643054962158	2.5365684032440186
1153	2.183645248413086	0.12528716027736664	-3.114271402359009
1154	-2.1323516368865967	-2.0833489894866943	4.822854995727539
1155	-2.2735812664031982	-1.4946132898330688	4.438615798950195
1156	1.970973253250122	0.8126322627067566	-3.549949884414673
1157	-1.3335784673690796	0.7718459963798523	0.2783283293247223
1158	-2.059187889099121	0.8204994797706604	2.0297813415527344
1159	-2.0593113899230957	-2.1599059104919434	4.802134990692139
1160	-1.893251895904541	-0.6345483064651489	3.0568959712982178
1161	0.3435705900192261	-0.45165595412254333	-0.3059064447879791
1162	-2.281797409057617	-1.868817687034607	4.799510955810547
1163	-1.6925837993621826	-0.10377543419599533	1.4316445589065552
1164	2.1091465950012207	0.49165865778923035	-3.4268689155578613
1165	-2.4796972274780273	1.6819535493850708	1.72320556640625
1166	-2.6534788608551025	-0.4988318681716919	3.8984341621398926
1167	-2.129133939743042	1.861438274383545	0.36828044056892395
1168	1.8541533946990967	0.24396349489688873	-2.9996113777160645
1169	-2.326784610748291	0.1774897277355194	3.078155755996704
1170	-1.9296048879623413	3.019392251968384	-0.9305576682090759
1171	-2.3524117469787598	-1.8265615701675415	4.757641315460205
1172	-2.4759273529052734	3.064486503601074	-0.3079392611980438
1173	-2.16858172416687	-2.042666435241699	4.8029632568359375
1174	0.5860821008682251	-0.2052534967660904	-0.7154390811920166
1175	-2.2073144912719727	-1.996718168258667	4.809953212738037
1176	2.0212149620056152	0.13824249804019928	-3.097949504852295
1177	-1.653850793838501	3.366508960723877	-1.7442153692245483
1178	-2.479093074798584	-1.6693745851516724	4.740819931030273
1179	1.3002562522888184	0.9716901183128357	-2.8870484828948975
1180	-2.1997087001800537	-1.9613004922866821	4.770198345184326
1181	-2.1953158378601074	-1.9848333597183228	4.779301166534424
1182	-2.1992483139038086	-1.949894905090332	4.776124954223633
1183	-2.446005344390869	0.1267271786928177	3.294374704360962
1184	-2.2710330486297607	-0.3190218210220337	3.4226255416870117
1185	0.9126087427139282	-0.5205855369567871	-0.9731489419937134
1186	-2.4921317100524902	-1.6059210300445557	4.726869583129883
1187	-2.2807860374450684	-1.7920714616775513	4.67077112197876
1188	-2.1956586837768555	-2.0402119159698486	4.804223537445068
1189	-2.3622710704803467	-1.8120721578598022	4.768916606903076
1190	-2.809239625930786	2.8553693294525146	0.3891638219356537
1191	1.2824374437332153	0.2562739849090576	-2.4046554565429688
1192	2.0966432094573975	0.3200377821922302	-3.1022777557373047
1193	-2.7547447681427	0.10413502901792526	3.5155792236328125
1194	-2.380467176437378	-1.2169387340545654	4.311261177062988
1195	-2.0803072452545166	-2.1193675994873047	4.796407222747803
1196	-2.4684340953826904	0.6956027746200562	2.5374205112457275
1197	-2.0259687900543213	1.1938380002975464	1.4197474718093872
1198	-2.7611958980560303	1.1887675523757935	2.1594932079315186
1199	-1.6287435293197632	3.446244716644287	-2.0571537017822266
1200	-2.354914903640747	-1.7870728969573975	4.753475189208984
1201	-2.131462812423706	-2.1195740699768066	4.741333484649658
1202	-2.8277363777160645	-0.22931411862373352	3.817715883255005
1203	2.2383224964141846	0.40114372968673706	-3.423351526260376
1204	-2.300091028213501	1.9095079898834229	1.1894426345825195
1205	-2.875441312789917	0.5182449221611023	3.203214645385742
1206	-2.208512306213379	-1.9774763584136963	4.780049800872803
1207	2.1072580814361572	0.28778374195098877	-3.2563424110412598
1208	-2.1554794311523438	-2.013941764831543	4.763611316680908
1209	-2.147366762161255	0.36656633019447327	2.705806016921997
1210	-2.2335755825042725	-2.0135574340820312	4.7705841064453125
1211	-2.315582275390625	-0.5170655250549316	3.6303277015686035
1212	-2.1707258224487305	-2.001461982727051	4.765897750854492
1213	-2.0922629833221436	-2.1071619987487793	4.797264099121094
1214	-2.3883724212646484	-1.741453766822815	4.77131986618042
1215	-1.3322091102600098	-0.022000033408403397	1.6990246772766113
1216	2.0183234214782715	-0.07588403671979904	-2.7917966842651367
1217	1.8183377981185913	0.40503621101379395	-2.9590179920196533
1218	-2.2599852085113525	2.0934860706329346	0.8905916810035706
1219	-2.1664507389068604	-2.0346832275390625	4.79088020324707
1220	1.539202332496643	0.10097931325435638	-2.3257439136505127
1221	-2.3590288162231445	-1.7231292724609375	4.721128463745117
1222	2.186760187149048	0.32621634006500244	-3.2080814838409424
1223	-2.1459550857543945	-2.022416591644287	4.785193920135498
1224	-2.352708578109741	-1.8030006885528564	4.791802406311035
1225	-2.1857106685638428	-2.037386417388916	4.809587478637695
1226	-2.1138720512390137	-2.075645923614502	4.81174898147583
1227	-2.2381176948547363	-1.7948399782180786	4.683829307556152
1228	-2.1620326042175293	-2.0468878746032715	4.798974514007568
1229	-2.8851592540740967	-0.19675756990909576	3.801262140274048
1230	-0.6021516919136047	1.6193567514419556	-1.3118828535079956
1231	-2.1451194286346436	-1.9690910577774048	4.761996746063232
1232	0.9593012928962708	1.0855001211166382	-2.6336605548858643
1233	-0.6123442649841309	-0.5314275622367859	0.8482201099395752
1234	-2.147840976715088	-2.051142692565918	4.784654140472412
1235	2.1370856761932373	0.5196344256401062	-3.446791887283325
1236	-1.9574419260025024	3.449951648712158	-1.057060956954956
1237	1.0187889337539673	-0.652837336063385	-0.889121413230896
1238	-2.3469560146331787	-1.8576525449752808	4.764654159545898
1239	-2.2289376258850098	-1.9958328008651733	4.810229778289795
1240	-1.8886477947235107	-1.496437668800354	4.188337802886963
1241	-2.5110692977905273	0.6215257048606873	2.3360345363616943
1242	1.3632652759552002	-0.421715646982193	-1.5285993814468384
1243	-0.9096584916114807	2.466994047164917	-1.9461843967437744
1244	-2.3822455406188965	-1.7572849988937378	4.744141578674316
1245	-1.6412005424499512	0.9041011929512024	1.2148336172103882
1246	-2.556837558746338	-0.012803841382265091	3.2213406562805176
1247	-2.0383095741271973	-2.1913094520568848	4.8029279708862305
1248	-2.0810582637786865	-2.112604856491089	4.80363655090332
1249	-2.424631357192993	3.124764919281006	-0.35604843497276306
1250	2.1184558868408203	0.2579096555709839	-3.069082498550415
1251	-2.0538458824157715	-2.1359293460845947	4.778334140777588
1252	-2.801469326019287	0.3076389729976654	3.3844261169433594
1253	-2.1038835048675537	-2.124738931655884	4.816732406616211
1254	-2.166515827178955	-2.0222551822662354	4.81945276260376
1255	-2.0586836338043213	-2.131725549697876	4.72398567199707
1256	0.5904788970947266	-0.6093230843544006	-0.4919508993625641
1257	2.197763681411743	0.45841336250305176	-3.324336528778076
1258	-2.165234327316284	-2.017429828643799	4.799769878387451
1259	-0.7687442302703857	3.1658806800842285	-2.538287401199341
1260	-2.4296905994415283	-1.728502631187439	4.731359004974365
1261	-2.224297285079956	-2.0024185180664062	4.804035663604736
1262	2.2392525672912598	-0.24804624915122986	-2.8789281845092773
1263	1.2182735204696655	-0.24053321778774261	-1.6488163471221924
1264	-2.492617607116699	-1.5159112215042114	4.60980224609375
1265	1.8044453859329224	0.7157503962516785	-3.3769876956939697
1266	2.234254837036133	0.1537981778383255	-3.1786749362945557
1267	-2.2732181549072266	-1.9092463254928589	4.78515100479126
1268	1.7361152172088623	0.42972254753112793	-2.9205517768859863
1269	-2.1722233295440674	-2.0698564052581787	4.8062567710876465
1270	-2.14018177986145	3.1250667572021484	-0.3175020217895508
1271	-2.142625093460083	-2.04909086227417	4.800317764282227
1272	1.2850470542907715	1.1316070556640625	-3.0865960121154785
1273	-2.4800915718078613	2.7639570236206055	-0.06162238121032715
1274	-2.4567623138427734	-1.621121883392334	4.7240095138549805
1275	-1.50087571144104	3.598893404006958	-2.2568161487579346
1276	-2.2344367504119873	-0.5405393838882446	3.6628377437591553
1277	-2.0624265670776367	0.5960332751274109	2.4818246364593506
1278	2.1165735721588135	0.5249049067497253	-3.467146635055542
1279	-2.3211312294006348	-1.8828867673873901	4.75010347366333
1280	-0.6123442649841309	-0.5314275622367859	0.8482201099395752
1281	-2.032904863357544	-2.1694302558898926	4.767502784729004
1282	-1.9615987539291382	0.8417420983314514	1.7309623956680298
1283	2.2012312412261963	0.27059438824653625	-3.2631499767303467
1284	2.1135857105255127	0.4492036998271942	-3.264784097671509
1285	-1.2940154075622559	2.376800537109375	-1.4109691381454468
1286	-2.3647735118865967	0.07056132704019547	2.995983123779297
1287	-2.21518611907959	-0.015006991103291512	2.6510989665985107
1288	-2.1540634632110596	1.0304902791976929	1.7530332803726196
1289	2.1554782390594482	-0.0347384475171566	-2.999264717102051
1290	-2.28017258644104	-1.9019999504089355	4.783802509307861
1291	1.90114164352417	0.37243252992630005	-2.9271585941314697
1292	-2.220186710357666	-1.9610401391983032	4.791989803314209
1293	-0.23875808715820312	-0.37824350595474243	0.28990963101387024
1294	-2.069291353225708	-2.138247013092041	4.800362586975098
1295	-2.43924617767334	-1.722259759902954	4.744692325592041
1296	-2.193202257156372	-1.9752298593521118	4.785610198974609
1297	-2.1731762886047363	-2.056539297103882	4.826701641082764
1298	-2.3205747604370117	-1.2776280641555786	4.266485691070557
1299	-2.258798837661743	-1.9560950994491577	4.806487560272217
1300	1.9362988471984863	0.6945288777351379	-3.468003034591675
1301	-1.2098708152770996	3.512540102005005	-2.262320041656494
1302	-2.1319992542266846	2.6841073036193848	-0.1739404946565628
1303	1.6797184944152832	0.05247320607304573	-2.5882067680358887
1304	-2.1098971366882324	-2.120927095413208	4.7928900718688965
1305	-1.484010934829712	0.892109215259552	1.0243817567825317
1306	-1.2723805904388428	3.4249346256256104	-2.240288734436035
1307	-2.3526980876922607	-1.7907158136367798	4.78006649017334
1308	-2.1529152393341064	-2.049384117126465	4.813207149505615
1309	-1.727626919746399	0.4702105224132538	1.9889227151870728
1310	-2.3377270698547363	-1.8464797735214233	4.763108253479004
1311	1.184851050376892	0.556425154209137	-2.3433167934417725
1312	-2.4356210231781006	-1.716952919960022	4.735310077667236
1313	-2.268779993057251	-1.9167333841323853	4.795098304748535
1314	2.069209337234497	0.8165832161903381	-3.6978561878204346
1315	-2.0632383823394775	1.4124757051467896	1.1357747316360474
1316	-1.22621488571167	1.9703996181488037	-0.7532634735107422
1317	-2.3345046043395996	-1.6972309350967407	4.574675559997559
1318	-2.0537636280059814	3.0919668674468994	-0.6794439554214478
1319	-2.393864870071411	-1.800904393196106	4.758918762207031
1320	-2.0853400230407715	-2.0575637817382812	4.7797322273254395
1321	-1.9705506563186646	0.786572277545929	1.9117872714996338
1322	2.094034433364868	0.26518070697784424	-3.2363855838775635
1323	2.1095099449157715	0.46904855966567993	-3.36122727394104
1324	-2.473048686981201	-0.10590113699436188	3.370767831802368
1325	-2.090888500213623	0.14202748239040375	2.1800167560577393
1326	-2.0318603515625	-2.1874818801879883	4.8071064949035645
1327	-1.979884386062622	0.7717793583869934	1.9581279754638672
1328	-2.15899658203125	-1.9958187341690063	4.787886142730713
1329	-2.441193103790283	-1.7088817358016968	4.742168426513672
1330	-1.83680260181427	0.5434605479240417	1.9221452474594116
1331	-1.4788590669631958	0.00425133528187871	2.229398012161255
1332	-2.1999969482421875	3.0295963287353516	-0.8769095540046692
1333	-2.080836772918701	-2.118396759033203	4.801462650299072
1334	-1.9918278455734253	0.7888620495796204	1.9446980953216553
1335	2.067080020904541	0.635134220123291	-3.489614725112915
1336	1.7997432947158813	0.6159230470657349	-3.1576004028320312
1337	-2.9431750774383545	0.8105995655059814	2.920769453048706
1338	1.4661058187484741	0.23989331722259521	-2.385601758956909
1339	-2.4903440475463867	2.642275333404541	0.14785313606262207
1340	-2.383735179901123	-1.6693469285964966	4.695409297943115
1341	-1.2555581331253052	0.6154951453208923	0.7942283153533936
1342	-2.0535168647766113	-2.145883798599243	4.781398773193359
1343	-0.8366768956184387	-0.09132398664951324	0.9463715553283691
1344	1.1160526275634766	-0.6308978796005249	-1.3385546207427979
1345	-2.209284543991089	-1.9320601224899292	4.762055397033691
1346	-2.23412823677063	0.6216739416122437	2.308051824569702
1347	-2.6440391540527344	-1.1470474004745483	4.446018695831299
1348	-1.9060404300689697	0.42582789063453674	2.048414707183838
1349	-2.1313610076904297	-2.046881675720215	4.801003932952881
1350	-2.4823920726776123	-1.6128267049789429	4.718064308166504
1351	-2.33734393119812	1.0537865161895752	1.498799443244934
1352	-2.1914706230163574	-1.98468816280365	4.816189765930176
1353	-2.2537119388580322	-1.9135342836380005	4.782872200012207
1354	-2.298525810241699	1.1334842443466187	1.847337007522583
1355	1.7514179944992065	0.2773851156234741	-2.7050695419311523
1356	-2.173807382583618	-2.069584846496582	4.806758403778076
1357	-2.283815860748291	-1.9138761758804321	4.810107707977295
1358	1.3674242496490479	-0.4456563889980316	-1.6533414125442505
1359	-2.4164724349975586	-1.7599120140075684	4.763929843902588
1360	-2.654996395111084	1.717270016670227	1.7033226490020752
1361	1.8062200546264648	0.5923029184341431	-3.1877143383026123
1362	-2.003894329071045	-0.9037204384803772	3.6463327407836914
1363	-0.47622573375701904	0.5163313150405884	-0.505824863910675
1364	-2.453524589538574	-1.6570420265197754	4.711026191711426
1365	-1.4648492336273193	-1.1458581686019897	2.6542952060699463
1366	-2.543915271759033	-0.11710033565759659	3.626659870147705
1367	-0.7563557028770447	-0.30218714475631714	0.8189401030540466
1368	0.7973982095718384	-0.108204185962677	-1.1293954849243164
1369	-2.009462833404541	-2.0761425495147705	4.726521968841553
1370	-2.606806755065918	-1.3370872735977173	4.636967658996582
1371	-0.8708414435386658	-0.6097114086151123	1.2221195697784424
1372	-2.2455902099609375	-1.9675660133361816	4.791242599487305
1373	-2.104377508163452	-2.091323137283325	4.794402599334717
1374	-1.545946478843689	0.11568699032068253	1.7783074378967285
1375	-1.789536952972412	-0.9086630940437317	3.1917412281036377
1376	-2.1719987392425537	-0.35762205719947815	3.3758065700531006
1377	-2.7343742847442627	-0.3602087199687958	3.887244462966919
1378	-2.401317596435547	-1.7590218782424927	4.765709400177002
1379	2.131032943725586	0.3418075144290924	-3.3627333641052246
1380	-2.345790147781372	-1.8004941940307617	4.7811360359191895
1381	-1.9705506563186646	0.786572277545929	1.9117872714996338
1382	2.123013496398926	0.6279422640800476	-3.467573642730713
1383	1.8566713333129883	0.6968756318092346	-3.52999210357666
1384	2.16522216796875	0.326301634311676	-3.328542709350586
1385	2.210324764251709	0.5283558964729309	-3.5055177211761475
1386	-2.632389783859253	1.9412301778793335	1.5192475318908691
1387	1.675457239151001	1.1611212491989136	-3.624821424484253
1388	-2.5277373790740967	-1.4517650604248047	4.663674354553223
1389	-1.4148876667022705	3.5453100204467773	-2.3105220794677734
1390	-2.583491563796997	-1.1724178791046143	4.473865032196045
1391	-2.5004260540008545	-0.7149164080619812	3.9457457065582275
1392	-1.844468355178833	-0.18938307464122772	2.605642795562744
1393	-2.265735626220703	-1.9084285497665405	4.773964881896973
1394	-2.202014684677124	-2.0298054218292236	4.790900707244873
1395	-2.284200668334961	-1.9235371351242065	4.77388858795166
1396	-2.2268893718719482	-1.9719254970550537	4.776847839355469
1397	2.1047353744506836	0.6508039236068726	-3.5601673126220703
1398	-2.22764253616333	-1.9696558713912964	4.811650276184082
1399	-2.3127691745758057	-1.8926769495010376	4.793206214904785
1400	-2.1921157836914062	-2.036667823791504	4.79892635345459
1401	-2.2035300731658936	-1.9578652381896973	4.786678314208984
1402	-2.558811902999878	-0.5845932960510254	3.7213010787963867
1403	1.52927565574646	0.38146907091140747	-2.6159870624542236
1404	-2.1577470302581787	-2.039285659790039	4.8203043937683105
1405	-1.7809536457061768	2.396230459213257	-0.911959171295166
1406	1.6979517936706543	0.441912978887558	-2.8064966201782227
1407	-2.3420751094818115	-1.8519634008407593	4.791600704193115
1408	-2.2127931118011475	-1.981697916984558	4.8227763175964355
1409	-1.0888683795928955	-0.1676235944032669	1.57639741897583
1410	-2.0743801593780518	-2.167860984802246	4.788738250732422
1411	-2.5758931636810303	-1.3278295993804932	4.606619358062744
1412	-2.006897449493408	3.150367259979248	-0.6120644807815552
1413	-2.1467912197113037	-2.078855514526367	4.800152778625488
1414	1.0669387578964233	-0.10577734559774399	-1.5498229265213013
1415	2.2206647396087646	0.5607287287712097	-3.51780104637146
1416	1.1626547574996948	1.89133620262146	-3.7579474449157715
1417	-2.162738800048828	-2.0420193672180176	4.801441669464111
1418	-2.5585873126983643	2.404917001724243	0.9941738843917847
1419	-2.522648811340332	-1.5324386358261108	4.703301906585693
1420	-2.3239998817443848	0.25207480788230896	2.6768248081207275
1421	-2.167386293411255	-2.0639491081237793	4.777415752410889
1422	-2.1741011142730713	-2.069289445877075	4.7978129386901855
1423	-2.331234931945801	-1.8320821523666382	4.764693737030029
1424	2.2307627201080322	0.10877620428800583	-3.18266224861145
1425	-2.4931509494781494	-1.4922139644622803	4.665650367736816
1426	-2.195225954055786	-2.0115315914154053	4.7886128425598145
1427	-0.5921228528022766	-0.6791152358055115	1.079930305480957
1428	-2.1219372749328613	-2.077127456665039	4.788001537322998
1429	1.8967204093933105	0.8824890851974487	-3.5062127113342285
1430	1.8327736854553223	0.7646446228027344	-3.382946014404297
1431	2.2175633907318115	0.3935604691505432	-3.3800389766693115
1432	1.363858699798584	-0.2998411953449249	-1.6849637031555176
1433	1.3100320100784302	-0.09204263240098953	-1.7133136987686157
1434	-1.9909058809280396	-2.2479140758514404	4.79878044128418
1435	-1.916953444480896	-2.026881694793701	4.4916157722473145
1436	-2.1574270725250244	-2.076486825942993	4.796548843383789
1437	1.6244943141937256	0.08915523439645767	-2.2729482650756836
1438	-2.293994188308716	-1.9299978017807007	4.7663044929504395
1439	-2.2276089191436768	-1.9447795152664185	4.794403076171875
1440	-2.0250139236450195	-2.2103517055511475	4.781653881072998
1441	2.061135768890381	0.6559192538261414	-3.5227668285369873
1442	1.4817270040512085	1.2786294221878052	-3.6040408611297607
1443	-2.0928964614868164	-2.1288585662841797	4.816092014312744
1444	1.2594339847564697	0.15300843119621277	-2.19134521484375
1445	-2.6451029777526855	-0.5682641863822937	3.9149513244628906
1446	-2.397096872329712	-1.7483800649642944	4.765859603881836
1447	-1.2989157438278198	-0.906299889087677	2.3865911960601807
1448	0.5704254508018494	0.9429445862770081	-2.190941572189331
1449	-2.2637887001037598	-1.9456146955490112	4.7970051765441895
1450	-2.1554794311523438	-2.013941764831543	4.763611316680908
1451	1.6674071550369263	0.1850408911705017	-2.6940455436706543
1452	-2.589824676513672	-1.3715351819992065	4.627458095550537
1453	2.0189006328582764	0.49540406465530396	-3.380267381668091
1454	-2.3015573024749756	-1.844365119934082	4.757060527801514
1455	-2.4600884914398193	2.6143271923065186	0.5594245791435242
1456	-2.208519458770752	-2.0135793685913086	4.7578444480896
1457	-2.1194043159484863	-2.097224712371826	4.803173065185547
1458	-2.1783859729766846	-2.052201747894287	4.782804489135742
1459	-2.1436774730682373	-0.12653212249279022	3.191415786743164
1460	-2.2020599842071533	1.9771889448165894	0.985355794429779
1461	2.186922073364258	0.3847227096557617	-3.335921287536621
1462	-2.546727180480957	-1.555155634880066	4.7035017013549805
1463	1.6799921989440918	1.1851752996444702	-3.652740240097046
1464	-2.3673481941223145	-1.7609490156173706	4.74125862121582
1465	-2.340161085128784	-1.8228833675384521	4.753285884857178
1466	-1.4554557800292969	0.8659745454788208	0.8390960693359375
1467	-2.17724609375	-2.0364081859588623	4.819084167480469
1468	1.1800323724746704	-0.842599093914032	-0.9337445497512817
1469	-1.954311490058899	1.1707054376602173	1.0180999040603638
1470	-2.53479266166687	-0.12717917561531067	3.4399819374084473
1471	-2.151237726211548	-2.0490376949310303	4.8043131828308105
1472	-0.5237805247306824	-0.5374850034713745	0.8065913915634155
1473	-2.0900261402130127	3.566483974456787	-1.1676541566848755
1474	1.6960800886154175	0.6535345911979675	-3.059819221496582
1475	1.9877221584320068	0.2624454200267792	-3.176389217376709
1476	2.185188055038452	0.35058629512786865	-3.3241045475006104
1477	-2.417973041534424	-1.7275829315185547	4.763925075531006
1478	1.5885584354400635	0.6444477438926697	-2.8845741748809814
1479	-2.1151914596557617	-2.0607099533081055	4.796442985534668
1480	2.159484386444092	0.6580349802970886	-3.5370359420776367
1481	-2.4641191959381104	2.220548629760742	0.612795352935791
1482	-2.409224033355713	-1.6953006982803345	4.705448150634766
1483	-3.0377819538116455	1.0781159400939941	2.712921380996704
1484	-2.3317642211914062	-1.8591734170913696	4.773129940032959
1485	0.10547472536563873	2.0419366359710693	-2.6738393306732178
1486	2.2060186862945557	0.3155248165130615	-3.364433765411377
1487	-2.485201835632324	-1.6099952459335327	4.721767902374268
1488	-1.9705506563186646	0.786572277545929	1.9117872714996338
1489	-1.7739344835281372	0.044416364282369614	2.0519461631774902
1490	-2.3265738487243652	-1.8970813751220703	4.783634662628174
1491	-2.17472243309021	-2.0486745834350586	4.81195592880249
1492	-2.1000282764434814	-2.1018548011779785	4.792418003082275
1493	-1.5145024061203003	0.5153047442436218	1.3273165225982666
1494	-2.347162961959839	-1.7813235521316528	4.7787981033325195
1495	-2.0851051807403564	-2.092721939086914	4.806009769439697
1496	-2.2961349487304688	-1.8715373277664185	4.778524875640869
1497	-1.4084978103637695	0.5300812125205994	1.0032206773757935
1498	-2.0136759281158447	0.21195411682128906	2.0955564975738525
1499	-2.3959171772003174	-1.7358509302139282	4.74102783203125
1500	1.6932982206344604	1.1113548278808594	-3.6474175453186035
1501	-3.109833240509033	0.6994465589523315	2.98803973197937
1502	-2.349231004714966	-1.697412133216858	4.688560962677002
1503	-1.386335849761963	2.435692548751831	-0.55742347240448
1504	-1.9478490352630615	-2.1860532760620117	4.665719509124756
1505	-2.1142642498016357	-2.104247570037842	4.803389549255371
1506	-2.1113996505737305	-2.1262335777282715	4.774925231933594
1507	-2.0340657234191895	-2.1509194374084473	4.808164119720459
1508	-2.2007124423980713	-2.007883310317993	4.772027015686035
1509	2.119943141937256	0.5821642279624939	-3.518653392791748
1510	-2.0357749462127686	-2.1835784912109375	4.796103000640869
1511	-2.269563913345337	-1.9640194177627563	4.777839660644531
1512	-1.489697813987732	1.1680957078933716	0.46294352412223816
1513	-2.7059707641601562	-1.0284792184829712	4.470592498779297
1514	-2.3396317958831787	-1.8078533411026	4.752741813659668
1515	-2.118499755859375	-2.095675468444824	4.818357944488525
1516	-0.7982445359230042	3.3096542358398438	-2.7168962955474854
1517	-1.715083360671997	0.15331204235553741	2.02445125579834
1518	-2.054835557937622	-2.17549729347229	4.792468070983887
1519	-2.2456448078155518	-1.9321435689926147	4.749671936035156
1520	-1.296694040298462	0.5157895088195801	1.2607896327972412
1521	2.0712475776672363	0.37423983216285706	-3.148009777069092
1522	-2.1621501445770264	3.6253724098205566	-1.285420298576355
1523	2.1792290210723877	0.4108484387397766	-3.3418233394622803
1524	-2.2086434364318848	-1.9606915712356567	4.789642333984375
1525	-2.3633620738983154	-1.7979696989059448	4.766668796539307
1526	-2.1822903156280518	-2.052762031555176	4.798508167266846
1527	-1.6768075227737427	2.741314172744751	-0.6835857629776001
1528	-2.0109310150146484	0.35409846901893616	2.1830577850341797
1529	-2.0896291732788086	-2.154585361480713	4.807518482208252
1530	-2.2555222511291504	-1.9609936475753784	4.774183750152588
1531	-2.218698501586914	1.0747250318527222	1.7793278694152832
1532	-1.139796257019043	0.008947392925620079	1.2270375490188599
1533	-2.4060447216033936	2.415339946746826	0.8197770118713379
1534	-2.3691670894622803	-1.7763181924819946	4.754547595977783
1535	2.230726480484009	0.43036338686943054	-3.4552056789398193
1536	-2.5354671478271484	-1.5192958116531372	4.684258937835693
1537	-2.1615564823150635	-2.050307273864746	4.817527770996094
1538	2.1296310424804688	0.39400342106819153	-3.3110225200653076
1539	-2.2842118740081787	-1.8852853775024414	4.799485206604004
1540	-2.488429307937622	-0.10637763142585754	3.1616873741149902
1541	-2.2468488216400146	-1.954354166984558	4.804035663604736
1542	-2.4610066413879395	1.2653335332870483	1.4926427602767944
1543	2.183781623840332	0.30986088514328003	-3.3261964321136475
1544	-0.08145049214363098	1.9374862909317017	-2.461124897003174
1545	-2.7643091678619385	2.4256982803344727	1.0001075267791748
1546	1.7147153615951538	0.6609350442886353	-3.1336772441864014
1547	1.7542115449905396	0.8880707621574402	-3.4862380027770996
1548	-2.4618635177612305	-1.6856318712234497	4.740703105926514
1549	-2.161846876144409	-2.0228111743927	4.78483772277832
1550	-2.5730788707733154	-1.3395451307296753	4.362246036529541
1551	-1.5226202011108398	0.8298648595809937	0.8958714008331299
1552	-2.0223259925842285	0.5053641200065613	1.8567782640457153
1553	-2.027401924133301	3.3880040645599365	-1.2891238927841187
1554	-2.159552812576294	-2.0513830184936523	4.803979873657227
1555	-2.585813045501709	-1.5121963024139404	4.670701503753662
1556	-2.2177176475524902	-2.040738582611084	4.804276943206787
1557	-0.45583826303482056	-0.7009284496307373	0.7373893857002258
1558	-2.327869176864624	-1.8834220170974731	4.775827407836914
1559	-2.3915040493011475	-1.750836730003357	4.76340913772583
1560	-2.4888203144073486	1.9055663347244263	1.0065748691558838
1561	-2.244093179702759	-1.3899673223495483	4.295909881591797
1562	-2.3260035514831543	-1.8923531770706177	4.771200656890869
1563	-2.22428035736084	-0.6201573014259338	3.417923927307129
1564	-1.9956451654434204	1.6069222688674927	0.8294735550880432
1565	-2.1281678676605225	-2.0554163455963135	4.80623197555542
1566	-1.2388043403625488	1.451553463935852	-0.17811042070388794
1567	-2.4603049755096436	-1.5615030527114868	4.727778434753418
1568	-1.1278324127197266	-0.4342084527015686	1.8816900253295898
1569	-2.6433520317077637	2.9577109813690186	0.14063258469104767
1570	1.6223902702331543	1.0749667882919312	-3.413633346557617
1571	2.2542943954467773	0.35581254959106445	-3.3776438236236572
1572	2.2383992671966553	0.3582689166069031	-3.383406639099121
1573	1.6615512371063232	0.2846982479095459	-2.763615846633911
1574	-2.494741201400757	3.259528160095215	-0.5765341520309448
1575	-2.0648369789123535	-2.1592633724212646	4.805844783782959
1576	-2.079010248184204	-2.098397731781006	4.794864177703857
1577	-1.9012900590896606	3.3894851207733154	-1.0710786581039429
1578	-2.0284368991851807	-2.2081611156463623	4.816567420959473
1579	1.8123838901519775	0.362515389919281	-3.0255844593048096
1580	-1.861208200454712	-0.745066225528717	2.7176427841186523
1581	-2.484717607498169	2.808541774749756	0.47393080592155457
1582	-1.3185369968414307	0.4936315417289734	1.1872724294662476
1583	1.877071738243103	0.9509707689285278	-3.5153303146362305
1584	-2.1655771732330322	-2.0836031436920166	4.799929618835449
1585	1.9114176034927368	-0.2887803018093109	-2.4668076038360596
1586	-2.612112522125244	-0.4892423748970032	3.839902639389038
1587	2.0418484210968018	0.49162524938583374	-3.35459041595459
1588	-2.329108238220215	3.4622151851654053	-0.710602879524231
1589	-2.665907382965088	0.39331284165382385	2.9512245655059814
1590	-2.2656378746032715	-1.5561176538467407	4.559836387634277
1591	-2.333273410797119	0.7316727042198181	2.3534016609191895
1592	-0.08427909016609192	-0.7951231598854065	0.3084067106246948
1593	-2.4770116806030273	-1.6696791648864746	4.735482692718506
1594	-2.3327853679656982	-1.8247476816177368	4.790427207946777
1595	-2.340805768966675	-1.6281071901321411	4.623206615447998
1596	-2.7152342796325684	2.2311930656433105	1.1634770631790161
1597	-2.3243162631988525	0.005525943357497454	3.1899070739746094
1598	-2.784287691116333	2.78429913520813	0.5746499300003052
1599	-2.5589993000030518	0.2047620266675949	3.1051626205444336
1600	-1.9811443090438843	-0.863649308681488	3.56430983543396
1601	-2.2948036193847656	-1.8810728788375854	4.784733772277832
1602	2.1551926136016846	0.451274573802948	-3.363924980163574
1603	1.8001197576522827	0.35082533955574036	-2.82072377204895
1604	-2.523092031478882	1.5677498579025269	1.7897233963012695
1605	-1.7423477172851562	0.40712326765060425	1.8311431407928467
1606	-2.13935923576355	-2.067206621170044	4.796627998352051
1607	-2.082702398300171	-2.085728883743286	4.777014255523682
1608	-2.5509684085845947	-1.5091019868850708	4.702383518218994
1609	1.4813892841339111	0.07098697870969772	-2.2286319732666016
1610	-2.1316757202148438	-2.111284017562866	4.8124494552612305
1611	-0.7583577632904053	0.2975426912307739	0.40286463499069214
1612	1.9845447540283203	0.03704099729657173	-2.948979616165161
1613	-2.2602627277374268	-1.922570824623108	4.792413234710693
1614	-2.364952325820923	-0.2625510096549988	3.523279905319214
1615	2.125436782836914	0.49670320749282837	-3.3949782848358154
1616	-2.5680956840515137	-1.4026979207992554	4.62764835357666
1617	-1.4439915418624878	1.6507458686828613	-0.4418012201786041
1618	-2.1046245098114014	-2.0992119312286377	4.787232875823975
1619	1.0111353397369385	-0.6534759998321533	-1.1032236814498901
1620	-0.9936856627464294	3.285818576812744	-2.5929465293884277
1621	-1.9522974491119385	-1.1494550704956055	3.655113935470581
1622	-2.4588892459869385	-1.689705491065979	4.746005535125732
1623	-2.0650854110717773	-2.149627447128296	4.750773906707764
1624	2.2231619358062744	0.3038826584815979	-3.3132874965667725
1625	-1.4730273485183716	-0.30614206194877625	2.468742609024048
1626	-2.3650126457214355	-1.7433534860610962	4.743143558502197
1627	-2.123450517654419	-2.0674657821655273	4.779745101928711
1628	2.054898262023926	0.5357919931411743	-3.4018163681030273
1629	-2.0826354026794434	-2.1510305404663086	4.801840782165527
1630	-2.5940680503845215	-1.1014302968978882	4.375213146209717
1631	-0.06629419326782227	0.33757779002189636	-0.9193263053894043
1632	-2.171689510345459	-2.0509085655212402	4.804660320281982
1633	-2.3389389514923096	-1.8382943868637085	4.786839962005615
1634	-0.028661102056503296	2.590069055557251	-3.203524351119995
1635	-1.8942068815231323	-0.6392083168029785	3.376983642578125
1636	1.6991337537765503	0.549426257610321	-3.0076727867126465
1637	-2.2472105026245117	-1.960594892501831	4.778027534484863
1638	0.648766040802002	-0.6610877513885498	-0.5856485962867737
1639	-2.1254477500915527	-2.041156768798828	4.773469924926758
1640	-2.1849746704101562	-0.8558103442192078	3.8357625007629395
1641	-2.0482006072998047	-2.1601059436798096	4.820119380950928
1642	-2.167541027069092	-2.00416898727417	4.800151824951172
1643	-2.3984830379486084	-1.7277777194976807	4.751234531402588
1644	0.08506658673286438	2.198246717453003	-2.8544387817382812
1645	-2.137885332107544	-2.0408787727355957	4.778182029724121
1646	1.973541498184204	0.19849801063537598	-2.931917428970337
1647	-2.4094133377075195	-1.7706927061080933	4.780600547790527
1648	0.024912849068641663	-0.36235132813453674	0.10524168610572815
1649	-2.410947322845459	1.0861965417861938	2.3888068199157715
1650	-0.5487553477287292	-0.5692484378814697	0.8765243887901306
1651	-2.192203998565674	-1.9259132146835327	4.760246276855469
1652	-2.2221572399139404	-1.991275668144226	4.805846214294434
1653	-2.1492769718170166	-1.9905145168304443	4.775717258453369
1654	-2.503028631210327	-1.4699769020080566	4.6681976318359375
1655	-2.6743855476379395	-1.238555908203125	4.577038288116455
1656	-2.814612865447998	-0.416035532951355	3.6385586261749268
1657	-1.785093069076538	0.11935888230800629	2.394793748855591
1658	-2.3762218952178955	-1.2236231565475464	4.343264102935791
1659	-2.408987045288086	-1.7388641834259033	4.730309963226318
1660	1.4423350095748901	-0.14611616730690002	-2.0326759815216064
1661	-2.1427505016326904	-2.039321184158325	4.811878681182861
1662	-2.3246684074401855	-1.831497073173523	4.770069122314453
1663	-1.3446121215820312	3.177259683609009	-1.8619378805160522
1664	0.6781222224235535	-0.47414717078208923	-0.7540909051895142
1665	-2.8707833290100098	0.38200053572654724	3.25225830078125
1666	-2.2775967121124268	-1.7533687353134155	4.669606685638428
1667	2.1560158729553223	0.19793735444545746	-3.2530710697174072
1668	-2.3239262104034424	-1.8893202543258667	4.781529903411865
1669	2.0828452110290527	0.23258788883686066	-3.1966147422790527
1670	-2.2685458660125732	-1.9402676820755005	4.801238059997559
1671	-2.7846179008483887	-0.46600252389907837	3.8829915523529053
1672	-2.1497879028320312	-2.072971820831299	4.776282787322998
1673	0.7540509104728699	1.773733139038086	-3.36437726020813
1674	-2.4638662338256836	-1.3065776824951172	4.5100812911987305
1675	2.138967275619507	0.2530984878540039	-3.220881938934326
1676	-2.1237974166870117	-2.0555596351623535	4.792236804962158
1677	-1.647322416305542	-0.4994444251060486	2.659238338470459
1678	-2.2690563201904297	-1.8588732481002808	4.751185894012451
1679	-1.6309735774993896	-0.3141830563545227	2.332505702972412
1680	-2.5457684993743896	-1.4930822849273682	4.64035701751709
1681	-2.8591766357421875	-0.3939567804336548	3.8494458198547363
1682	-2.1411666870117188	-2.099709987640381	4.796040058135986
1683	1.7764179706573486	0.942240297794342	-3.5756144523620605
1684	1.6368632316589355	0.3339470624923706	-2.5062177181243896
1685	1.931610107421875	0.6175562143325806	-3.3985495567321777
1686	-2.6196882724761963	-1.0706181526184082	4.2895026206970215
1687	1.5102137327194214	0.5809542536735535	-2.9229512214660645
1688	-2.2926900386810303	-1.8426357507705688	4.699483394622803
1689	-2.800171375274658	-0.48234838247299194	4.095322608947754
1690	-2.1967573165893555	-1.9956400394439697	4.779916286468506
1691	-2.190175771713257	-2.0170364379882812	4.820313453674316
1692	-2.750466823577881	2.223597526550293	1.0325813293457031
1693	-1.1023497581481934	-0.11590995639562607	1.3652671575546265
1694	-2.319047451019287	-1.8495887517929077	4.785110950469971
1695	0.6709926724433899	-0.6416966915130615	-0.4779815673828125
1696	-2.0176854133605957	-2.176793098449707	4.744797706604004
1697	-2.6941070556640625	-1.2114652395248413	4.549881458282471
1698	-2.1062793731689453	-2.1507368087768555	4.790834426879883
1699	-2.444981098175049	-0.4383964538574219	3.692950487136841
1700	-0.7370384931564331	3.1383275985717773	-2.4605889320373535
1701	2.1666600704193115	0.09245821088552475	-3.147230386734009
1702	1.6350009441375732	1.0897389650344849	-3.648030996322632
1703	-1.6555442810058594	3.6489973068237305	-2.091966152191162
1704	-2.5322282314300537	-1.5451658964157104	4.6791558265686035
1705	-1.1305553913116455	0.10584143549203873	1.0305863618850708
1706	-0.3045692443847656	2.4747650623321533	-2.8282835483551025
1707	-0.9560216069221497	-0.21474061906337738	1.3742815256118774
1708	-0.7866243124008179	-0.5285234451293945	0.9961632490158081
1709	0.11919726431369781	-0.46850213408470154	0.04757334291934967
1710	-2.3713650703430176	-1.8023847341537476	4.781187534332275
1711	-1.5290898084640503	0.005917240399867296	2.018155813217163
1712	-1.9546300172805786	0.07101371139287949	2.561718225479126
1713	2.002427816390991	0.10644326359033585	-2.805830478668213
1714	-2.2748324871063232	-1.9286211729049683	4.763016700744629
1715	-1.9115651845932007	-0.02621356025338173	2.7143924236297607
1716	2.075798749923706	0.43546009063720703	-3.299696922302246
1717	1.6855597496032715	-0.13238023221492767	-2.154614210128784
1718	-2.4245262145996094	-1.7284728288650513	4.7531304359436035
1719	-3.03684139251709	1.7517811059951782	1.9408847093582153
1720	2.2048962116241455	0.22402231395244598	-3.2701547145843506
1721	-2.117689371109009	-2.106362819671631	4.7932329177856445
1722	-1.5085711479187012	1.4747008085250854	0.793290913105011
1723	-2.422196388244629	-1.6363475322723389	4.626162052154541
1724	-2.0825929641723633	-2.04596209526062	4.759696006774902
1725	-2.1421761512756348	-2.0676159858703613	4.807492733001709
1726	0.06964416801929474	-0.3393338918685913	-0.26325371861457825
1727	-2.105625867843628	-2.1358940601348877	4.809621334075928
1728	-2.700099468231201	1.3278733491897583	2.1909339427948
1729	-2.364539861679077	-1.7892138957977295	4.756702423095703
1730	2.182356595993042	0.33384233713150024	-3.3280954360961914
1731	-2.562608242034912	2.7841856479644775	0.31370019912719727
1732	-2.2431280612945557	-1.9699369668960571	4.816257476806641
1733	0.6455601453781128	-0.07820913195610046	-1.068535566329956
1734	-1.8983728885650635	3.195976734161377	-1.270551085472107
1735	-1.6705068349838257	0.723103404045105	1.160146713256836
1736	-2.17651104927063	-1.9579052925109863	4.783637046813965
1737	0.8048926591873169	-0.5164112448692322	-1.0032007694244385
1738	-1.5319209098815918	2.017798662185669	-0.324230819940567
1739	-2.4964542388916016	2.2231545448303223	0.3787943422794342
1740	1.9482179880142212	-0.1509145051240921	-2.649491548538208
1741	-2.2619309425354004	-1.909613013267517	4.761953830718994
1742	-1.9705506563186646	0.786572277545929	1.9117872714996338
1743	-2.6574642658233643	0.7535619139671326	2.71774959564209
1744	-2.2980899810791016	-1.9254655838012695	4.780073642730713
1745	-1.9511723518371582	2.5060300827026367	-0.591185450553894
1746	-2.306594133377075	-1.8847426176071167	4.760576248168945
1747	-2.2629899978637695	-1.9358028173446655	4.787449836730957
1748	2.026237726211548	0.5965280532836914	-3.462114095687866
1749	-2.1804497241973877	0.5192441344261169	2.3116278648376465
1750	-2.2570536136627197	-1.9581067562103271	4.8060126304626465
1751	-2.0917305946350098	-2.1390678882598877	4.804134845733643
1752	2.043614625930786	0.4164921045303345	-3.2284178733825684
1753	-2.164228677749634	-2.0562744140625	4.7966742515563965
1754	-2.128185272216797	-2.041977882385254	4.808883190155029
1755	2.1837480068206787	0.42522233724594116	-3.379772186279297
1756	-1.5447075366973877	0.9242493510246277	1.03435218334198
1757	-2.3673255443573	-1.8070951700210571	4.782338619232178
1758	-2.6163713932037354	-1.298557162284851	4.501939296722412
1759	2.113978385925293	0.21116477251052856	-3.1324806213378906
1760	-2.224538803100586	-1.9848114252090454	4.799539566040039
1761	-2.2323479652404785	-1.9835368394851685	4.7996907234191895
1762	-2.2385971546173096	-1.9765129089355469	4.80873441696167
1763	-2.160186529159546	-2.0588948726654053	4.809455394744873
1764	-0.862583577632904	-0.09541783481836319	0.9603703022003174
1765	-2.115781784057617	-2.075187921524048	4.79594612121582
1766	-1.9705506563186646	0.786572277545929	1.9117872714996338
1767	-1.780098557472229	0.8509934544563293	1.5920851230621338
1768	2.2022838592529297	0.4390432834625244	-3.4235827922821045
1769	2.1052067279815674	0.30636826157569885	-3.2256224155426025
1770	-2.587002754211426	-1.4545105695724487	4.644082069396973
1771	-2.102539539337158	2.3638908863067627	-0.34742823243141174
1772	-2.519008159637451	-1.466046929359436	4.660813808441162
1773	-2.3193392753601074	-1.8579052686691284	4.739428997039795
1774	-2.127117872238159	-2.082232713699341	4.784614562988281
1775	-2.2183799743652344	-2.0112223625183105	4.809352397918701
1776	1.5685149431228638	0.9189651012420654	-3.0845911502838135
1777	-2.2240102291107178	-1.611939787864685	4.420223712921143
1778	1.9390026330947876	0.5413197875022888	-3.277578115463257
1779	2.1503031253814697	0.29423338174819946	-3.2607545852661133
1780	-1.3991632461547852	-0.137741357088089	1.3636902570724487
1781	1.658711552619934	0.6838331818580627	-3.2862730026245117
1782	0.04198351502418518	-0.09245947748422623	-0.4971390664577484
1783	1.9837119579315186	0.557872474193573	-3.2399260997772217
1784	-0.9471839070320129	3.2499492168426514	-2.580606698989868
1785	-2.1554794311523438	-2.013941764831543	4.763611316680908
1786	-2.2826244831085205	-1.8539173603057861	4.7832183837890625
1787	-2.183521270751953	-1.9746869802474976	4.785282611846924
1788	-2.6165807247161865	-1.3757268190383911	4.622314929962158
1789	-2.132437229156494	0.27806928753852844	2.8650031089782715
1790	2.1007626056671143	0.44776076078414917	-3.3837637901306152
1791	-1.5467572212219238	2.0736889839172363	0.025500604882836342
1792	1.9023346900939941	0.43953937292099	-3.2323977947235107
1793	-2.4976601600646973	-1.53225576877594	4.612752437591553
1794	-2.215189218521118	-1.959845781326294	4.779677391052246
1795	-2.1425085067749023	-2.067410469055176	4.8077592849731445
1796	-2.236811399459839	-1.979255199432373	4.792250156402588
1797	-2.205069065093994	-1.9880479574203491	4.782009124755859
1798	-2.342435598373413	-1.6794220209121704	4.713027477264404
1799	1.8776026964187622	0.2723436951637268	-2.7925384044647217
1800	-2.1470038890838623	-2.0883524417877197	4.812243938446045
1801	-0.18171919882297516	0.8813471794128418	-1.212591528892517
1802	-1.3968703746795654	-0.2833954393863678	2.4023690223693848
1803	1.838806390762329	0.715650737285614	-3.533745050430298
1804	-1.241286039352417	-0.3252699375152588	1.7759684324264526
1805	-2.5790390968322754	-1.4494044780731201	4.6690144538879395
1806	-0.8566606044769287	0.24079203605651855	0.538070559501648
1807	-2.2188966274261475	-1.9762295484542847	4.792935848236084
1808	-2.306175708770752	-1.8648561239242554	4.801784992218018
1809	-2.205095052719116	-1.9654700756072998	4.786139011383057
1810	-2.1767148971557617	2.437098503112793	0.10914694517850876
1811	-2.0035510063171387	3.509946346282959	-1.3557618856430054
1812	-2.17436146736145	1.030938982963562	1.8119831085205078
1813	-1.8912014961242676	3.7001876831054688	-1.4799221754074097
1814	-2.1661746501922607	-2.075827121734619	4.824260234832764
1815	-2.209416627883911	0.8917943239212036	2.0591671466827393
1816	-2.2410244941711426	-1.9348115921020508	4.803305149078369
1817	2.0271239280700684	-0.07927710562944412	-2.8176558017730713
1818	-1.898518443107605	-1.506461501121521	4.1597795486450195
1819	2.1308019161224365	0.44749683141708374	-3.3207993507385254
1820	-1.2699906826019287	3.5299081802368164	-2.447314500808716
1821	2.0465924739837646	0.628340482711792	-3.533097505569458
1822	-2.224506139755249	-1.9679726362228394	4.803109645843506
1823	-2.159010410308838	-2.0071771144866943	4.818515300750732
1824	-2.5383708477020264	-1.3127048015594482	4.522198677062988
1825	-1.3958163261413574	-0.439578115940094	1.8827162981033325
1826	-2.583629846572876	-1.0417343378067017	4.406224250793457
1827	-1.4464186429977417	3.1256484985351562	-1.8104263544082642
1828	-2.4885122776031494	-1.628724217414856	4.685883045196533
1829	2.089449882507324	0.46459341049194336	-3.3727612495422363
1830	-1.5662511587142944	0.08625014871358871	1.8669707775115967
1831	2.0780065059661865	0.4455954432487488	-3.37111234664917
1832	-2.7192089557647705	0.0531214140355587	3.5519707202911377
1833	-2.4939873218536377	-1.6448198556900024	4.717915058135986
1834	-2.281667470932007	2.786314010620117	-0.10370159894227982
1835	-2.188962936401367	1.927127480506897	0.7106021046638489
1836	-2.136697769165039	-2.055527687072754	4.790778636932373
1837	-2.3264172077178955	3.0478389263153076	-0.8223260641098022
1838	-0.0071737091057002544	0.030754197388887405	-0.16559523344039917
1839	-2.11314058303833	-2.1037209033966064	4.803469657897949
1840	-1.386481761932373	-0.46665704250335693	1.7700742483139038
1841	-2.209352970123291	-1.9431811571121216	4.782586574554443
1842	1.923798680305481	0.3673594892024994	-3.2271032333374023
1843	-2.1718666553497314	-2.012904644012451	4.821824073791504
1844	-2.413445472717285	-1.685078740119934	4.778965950012207
1845	-2.1903390884399414	-2.0014967918395996	4.802759170532227
1846	-1.6083446741104126	3.379432201385498	-1.9542889595031738
1847	-2.12400484085083	-2.004242420196533	4.791907787322998
1848	-1.7147026062011719	1.1092232465744019	0.9216486215591431
1849	-2.058352470397949	-2.1654436588287354	4.799371242523193
1850	-2.290829658508301	1.7379934787750244	1.2752845287322998
1851	-2.3962817192077637	-1.7684413194656372	4.741808891296387
1852	2.2701666355133057	0.2501457929611206	-3.2790212631225586
1853	-2.5052642822265625	2.2212531566619873	0.8695156574249268
1854	0.503889799118042	0.5772720575332642	-1.8869881629943848
1855	-2.2389259338378906	-1.9526325464248657	4.796767234802246
1856	2.2041635513305664	0.202535018324852	-3.216249942779541
1857	-2.587317705154419	-1.194453239440918	4.303384780883789
1858	2.2115917205810547	0.21537773311138153	-3.189215898513794
1859	-1.6735376119613647	-0.018747951835393906	2.0325117111206055
1860	-0.20123837888240814	2.744375705718994	-2.9431934356689453
1861	-2.441476583480835	-1.621036171913147	4.69873046875
1862	-2.059647560119629	3.579299211502075	-1.1107736825942993
1863	-2.123434066772461	1.8451253175735474	0.058424293994903564
1864	2.0579400062561035	0.48196399211883545	-3.286545753479004
1865	-0.7463782429695129	-0.7761226296424866	1.3248896598815918
1866	0.7008808255195618	1.8603196144104004	-3.2156825065612793
1867	-2.503822088241577	-1.4807403087615967	4.679182529449463
1868	-2.3625411987304688	-1.803719162940979	4.786151885986328
1869	-2.2550952434539795	0.5147501826286316	2.422783851623535
1870	-2.520531177520752	2.068843364715576	1.076319932937622
1871	-2.1991851329803467	-1.9538787603378296	4.721559524536133
1872	-1.6534680128097534	3.5893378257751465	-1.9117459058761597
1873	-2.1438748836517334	0.16321344673633575	2.4511923789978027
1874	-2.2733099460601807	-1.7261513471603394	4.636162281036377
1875	-0.7357699275016785	0.6900815367698669	0.0035820291377604008
1876	-2.353212356567383	-1.8022297620773315	4.748127460479736
1877	-2.500856399536133	-1.6132739782333374	4.695003032684326
1878	-2.0996344089508057	-2.132896900177002	4.772700786590576
1879	-2.2300121784210205	-1.9937065839767456	4.811859130859375
1880	-2.3273465633392334	-1.869187593460083	4.776442527770996
1881	2.072598457336426	0.07791294902563095	-3.1067233085632324
1882	2.0379509925842285	0.6564549803733826	-3.5474119186401367
1883	-2.431177854537964	-1.6586848497390747	4.734156608581543
1884	-2.103222370147705	-2.088571310043335	4.797343730926514
1885	-2.223841905593872	0.1724722534418106	2.5174758434295654
1886	-2.150604486465454	-2.0429673194885254	4.80637264251709
1887	0.3679324686527252	2.272202968597412	-3.3649518489837646
1888	-2.3161818981170654	-1.8584845066070557	4.78244161605835
1889	-0.45415350794792175	3.1022117137908936	-3.033311605453491
1890	-2.398930072784424	-1.5744249820709229	4.625604152679443
1891	1.5489894151687622	1.0653539896011353	-3.401859760284424
1892	-2.178905725479126	-1.9586362838745117	4.77139949798584
1893	2.0377511978149414	0.4339725077152252	-3.2174160480499268
1894	0.2854544222354889	0.3055482506752014	-1.2641370296478271
1895	-2.378969192504883	-1.7923356294631958	4.7591166496276855
1896	-2.1978015899658203	0.27859005331993103	2.2986464500427246
1897	-0.996088445186615	3.189058303833008	-2.6441667079925537
1898	-2.4005579948425293	-1.7070857286453247	4.695865631103516
1899	-2.096327066421509	-2.136329412460327	4.814406871795654
1900	-2.2215168476104736	-1.999677300453186	4.785076141357422
1901	-2.0868170261383057	-2.1605074405670166	4.8038716316223145
1902	-2.142749071121216	-2.0717318058013916	4.794093132019043
1903	-2.395801544189453	-1.7145367860794067	4.738060474395752
1904	-1.807926058769226	3.5884456634521484	-1.3995344638824463
1905	2.0784900188446045	0.6112783551216125	-3.4993624687194824
1906	1.7389382123947144	0.45509061217308044	-2.8962090015411377
1907	-1.8824213743209839	1.721355676651001	0.18708615005016327
1908	-2.6191318035125732	-1.364935040473938	4.634570121765137
1909	-2.344433546066284	-1.7653354406356812	4.745872974395752
1910	-2.1171348094940186	-2.0884361267089844	4.807888507843018
1911	-2.5520544052124023	-0.597253143787384	3.9755594730377197
1912	2.037128210067749	0.04962148889899254	-2.7845547199249268
1913	-2.382765293121338	-1.763128399848938	4.749955654144287
1914	-2.2701568603515625	-1.9191908836364746	4.757832050323486
1915	-1.6347061395645142	-0.1671442687511444	2.7243874073028564
1916	-2.7112622261047363	-0.32757559418678284	3.6006357669830322
1917	-1.923095464706421	1.6536762714385986	0.9692507386207581
1918	-1.858189582824707	3.639690399169922	-1.8282208442687988
1919	-2.185136079788208	-2.016298532485962	4.811797142028809
1920	-2.597726345062256	-0.45737940073013306	3.234452962875366
1921	-2.323378324508667	-1.8797343969345093	4.799785137176514
1922	-0.8822832703590393	-0.07570841163396835	0.9680628776550293
1923	-2.1379783153533936	-2.085268497467041	4.800851345062256
1924	-2.2038354873657227	-2.0271921157836914	4.7802581787109375
1925	-2.27540922164917	0.28225114941596985	2.9523603916168213
1926	-1.2242820262908936	3.38799786567688	-2.362644672393799
1927	1.0639499425888062	-0.26934462785720825	-1.4954023361206055
1928	-1.9584360122680664	0.7754278779029846	1.9451409578323364
1929	-2.130528450012207	-2.134828805923462	4.770601272583008
1930	-2.3238275051116943	-1.7496517896652222	4.706836700439453
1931	-2.4405934810638428	-1.6857386827468872	4.704527854919434
1932	-2.5715622901916504	-1.4206795692443848	4.628128528594971
1933	-1.6971285343170166	-0.005532763432711363	2.2321977615356445
1934	1.7923027276992798	0.6986638307571411	-3.3289906978607178
1935	-2.2142794132232666	-1.977907657623291	4.788365840911865
1936	2.0926616191864014	0.7110259532928467	-3.538419723510742
1937	-1.6061780452728271	0.5291687846183777	1.5596331357955933
1938	-2.0161712169647217	0.8559755682945251	2.0928776264190674
1939	-0.36868077516555786	2.315377950668335	-2.5350236892700195
1940	-2.1737868785858154	-2.0348963737487793	4.804038047790527
1941	-1.9091086387634277	-0.28157535195350647	3.085181474685669
1942	-2.1537768840789795	0.6201512217521667	2.386378526687622
1943	-1.4168081283569336	-0.6822982430458069	2.213606834411621
1944	-1.9705506563186646	0.786572277545929	1.9117872714996338
1945	2.0811383724212646	0.2611097991466522	-3.2741217613220215
1946	2.0125865936279297	0.4186430871486664	-3.1907401084899902
1947	-2.1592650413513184	-2.051682472229004	4.7934722900390625
1948	-2.109170913696289	-2.0829224586486816	4.798120498657227
1949	-1.102571964263916	2.818284511566162	-2.041715145111084
1950	1.480068325996399	0.30599045753479004	-2.414077043533325
1951	-2.5013186931610107	-1.5551652908325195	4.654860496520996
1952	2.0616109371185303	0.09004677087068558	-3.083388566970825
1953	2.129171848297119	0.2665301263332367	-3.233875274658203
1954	-2.3422117233276367	-1.7691906690597534	4.687591075897217
1955	-2.1054165363311768	-2.0629019737243652	4.764202117919922
1956	-2.2268693447113037	-1.9984354972839355	4.817193508148193
1957	-2.619408130645752	-1.2722101211547852	4.58507776260376
1958	-2.84547758102417	-0.6060726046562195	4.243536472320557
1959	-0.9957734942436218	0.20707298815250397	0.7464627027511597
1960	-2.36572003364563	2.041537284851074	0.9925161004066467
1961	2.090573787689209	0.3735964894294739	-3.2970104217529297
1962	-2.2797958850860596	-1.904291033744812	4.776623249053955
1963	-2.073676109313965	-2.1113083362579346	4.793270587921143
1964	-1.9070199728012085	3.3289248943328857	-1.2784018516540527
1965	-2.2118477821350098	-1.9486507177352905	4.779253959655762
1966	-2.208697557449341	-1.9808112382888794	4.807774543762207
1967	-1.7322138547897339	-0.36641111969947815	2.0177831649780273
1968	-1.0866096019744873	2.8645482063293457	-2.316997766494751
1969	-2.1780083179473877	-2.0346505641937256	4.787447929382324
1970	-2.1157233715057373	1.5751296281814575	0.8645753860473633
1971	-2.0574188232421875	-2.1720564365386963	4.810336589813232
1972	-2.2738771438598633	0.8942431211471558	1.5070210695266724
1973	-2.895226001739502	1.7558919191360474	2.03161883354187
1974	-2.3152546882629395	-0.4376530349254608	3.5551366806030273
1975	-2.1517701148986816	-2.0347037315368652	4.800798416137695
1976	-1.076287031173706	3.203078269958496	-2.4157416820526123
1977	1.7900623083114624	0.9227901101112366	-3.5452933311462402
1978	-2.559101104736328	-1.4424571990966797	4.607901573181152
1979	0.9639678597450256	1.7281343936920166	-3.474912166595459
1980	1.4957103729248047	0.17580769956111908	-2.232499361038208
1981	-2.1716995239257812	-2.0127522945404053	4.783658981323242
1982	-2.1000282764434814	-2.1018548011779785	4.792418003082275
1983	1.6384963989257812	0.7920827269554138	-3.33848237991333
1984	-2.230241060256958	-0.4510628879070282	3.5641214847564697
1985	-0.6825229525566101	3.219006299972534	-2.985689640045166
1986	-2.239367961883545	-1.9859343767166138	4.800029277801514
1987	-2.3037266731262207	-1.902711272239685	4.775101184844971
1988	1.739434003829956	1.2490934133529663	-3.6806232929229736
1989	-2.0642402172088623	-2.1655843257904053	4.799846649169922
1990	2.110743761062622	0.5715591311454773	-3.462979793548584
1991	1.8689241409301758	0.42555761337280273	-3.1632654666900635
1992	-1.9599504470825195	1.2182010412216187	0.9536711573600769
1993	-1.2608182430267334	-0.04577181115746498	1.9361246824264526
1994	-2.112518787384033	-0.9772133827209473	3.8588802814483643
1995	-1.7166039943695068	0.362827330827713	1.5899308919906616
1996	1.455660343170166	1.3932210206985474	-3.6267364025115967
1997	-2.177993059158325	-2.0130667686462402	4.801334857940674
1998	2.071836471557617	0.1275283694267273	-3.050983428955078
1999	-2.228951930999756	2.86982798576355	-0.5352946519851685
2000	-2.3449575901031494	-0.8861347436904907	3.85929012298584
2001	-2.2521252632141113	-1.9574311971664429	4.806014537811279
2002	-2.2853329181671143	-1.71356999874115	4.6631269454956055
2003	-2.802180051803589	0.4116553068161011	3.19952392578125
2004	-2.0935654640197754	-2.1645920276641846	4.785743236541748
2005	-2.2063655853271484	-1.9951146841049194	4.81459379196167
2006	1.9678696393966675	0.39459165930747986	-3.302664279937744
2007	0.5212652683258057	-0.4059688150882721	-0.8217202425003052
2008	-1.6856321096420288	-0.017674986273050308	2.0477285385131836
2009	-2.1330010890960693	-2.085188865661621	4.792943954467773
2010	-1.7779695987701416	0.7285377383232117	1.6421400308609009
2011	-2.2405970096588135	-2.009979724884033	4.808396816253662
2012	-2.697377920150757	-0.6919273138046265	3.9817910194396973
2013	-2.1504225730895996	-2.110852003097534	4.796776294708252
2014	-2.2122249603271484	-1.964120864868164	4.784439563751221
2015	-1.1511058807373047	-0.1313696652650833	1.2245744466781616
2016	-1.1158246994018555	3.303203582763672	-2.430311441421509
2017	-1.4229590892791748	-0.28617870807647705	1.994762659072876
2018	-2.044759511947632	-0.875659167766571	3.222959041595459
2019	-2.171485662460327	-2.0276291370391846	4.805220603942871
2020	-2.046448230743408	3.547966480255127	-1.2001090049743652
2021	-2.147491693496704	-2.0732784271240234	4.814332962036133
2022	-2.2349910736083984	-1.9546781778335571	4.803220272064209
2023	-1.6901226043701172	0.7947880625724792	1.4810127019882202
2024	-2.20739483833313	-1.9541116952896118	4.804377555847168
2025	-1.3832470178604126	-1.4157991409301758	3.1635844707489014
2026	-2.099341630935669	-2.0875511169433594	4.806728839874268
2027	-1.9523999691009521	-0.17615051567554474	2.6084420680999756
2028	-0.2863529622554779	2.7869553565979004	-2.881765842437744
2029	-2.21635103225708	-1.9194966554641724	4.774621963500977
2030	-2.2724475860595703	-1.8844565153121948	4.778392314910889
2031	-2.266918897628784	-1.9445918798446655	4.7897562980651855
2032	-0.7813126444816589	-0.28650015592575073	1.1319496631622314
2033	-2.1239585876464844	-2.067171573638916	4.798711776733398
2034	-2.1790480613708496	-2.0116844177246094	4.78805685043335
2035	2.1063950061798096	0.3023264408111572	-3.1549346446990967
2036	2.158475399017334	0.15207166969776154	-3.2304322719573975
2037	-2.5368893146514893	-1.4092410802841187	4.644208908081055
2038	-1.7568132877349854	-0.14975567162036896	2.8263635635375977
2039	-2.533759832382202	-1.5333300828933716	4.693647861480713
2040	2.0734457969665527	0.45419615507125854	-3.379188299179077
2041	-2.201777458190918	-2.0215342044830322	4.785103797912598
2042	-2.3936476707458496	-0.12061899155378342	3.2329981327056885
2043	2.1941282749176025	0.20181089639663696	-3.240046262741089
2044	-2.347264289855957	-1.8337260484695435	4.784372806549072
2045	1.5253430604934692	0.12941081821918488	-2.3775360584259033
2046	-1.6611526012420654	-0.2701852321624756	2.793903350830078
2047	-2.483320474624634	-1.5896469354629517	4.720841884613037
2048	-2.5665102005004883	2.8429088592529297	0.14767076075077057
2049	-2.154813528060913	-2.027808427810669	4.800815582275391
2050	0.09662875533103943	0.9971058964729309	-1.6379092931747437
2051	-2.6722097396850586	-0.5612511038780212	4.059195041656494
2052	1.982324242591858	0.523192822933197	-3.31929349899292
2053	-2.016227960586548	-2.066246747970581	4.674660682678223
2054	1.1201831102371216	-0.3394922614097595	-1.3397539854049683
2055	1.9540704488754272	0.24002748727798462	-3.102987051010132
2056	-1.947652816772461	0.24509918689727783	2.326312780380249
2057	-1.1487984657287598	-0.26037123799324036	1.6816685199737549
2058	-2.0997190475463867	-2.1176319122314453	4.792284965515137
2059	-2.3023922443389893	3.417555570602417	-1.1296724081039429
2060	2.111553907394409	0.39519202709198	-3.368959426879883
2061	-2.1929845809936523	3.266827344894409	-0.46721237897872925
2062	-2.529675245285034	0.6222911477088928	2.735852003097534
2063	-2.028197765350342	0.7800617814064026	2.0056185722351074
2064	2.228721857070923	0.21045376360416412	-3.264462947845459
2065	-1.9761883020401	1.2539373636245728	1.3469926118850708
2066	-2.413963794708252	-1.5682893991470337	4.592830181121826
2067	-2.3907601833343506	-0.002840097527951002	3.1355366706848145
2068	-2.1235086917877197	-2.0422861576080322	4.79303503036499
2069	1.9042527675628662	0.4956442415714264	-3.317687749862671
2070	1.636056900024414	1.0652583837509155	-3.498708963394165
2071	-2.326948642730713	-0.602306067943573	3.779252529144287
2072	-0.20698317885398865	0.49976080656051636	-0.31493884325027466
2073	-2.4883275032043457	-0.8510027527809143	4.088442802429199
2074	-2.3307077884674072	-1.8750419616699219	4.773000717163086
2075	-0.7193248271942139	-0.6490024924278259	1.0875370502471924
2076	-0.6676819920539856	2.6831045150756836	-2.2873852252960205
2077	-1.6422572135925293	0.7298219203948975	0.5145094990730286
2078	-2.2574362754821777	-1.9597502946853638	4.79063081741333
2079	-2.135108709335327	-2.0724005699157715	4.791603088378906
2080	-2.181027889251709	-2.0339927673339844	4.814535140991211
2081	-2.732159376144409	-0.4594126045703888	3.9880638122558594
2082	-2.380476474761963	-1.1429027318954468	4.31492280960083
2083	-2.2348947525024414	-1.927347183227539	4.770522594451904
2084	-2.0725297927856445	-2.1230554580688477	4.7939910888671875
2085	0.47568050026893616	-0.5175393223762512	-0.4702824056148529
2086	-1.9092602729797363	3.6139655113220215	-1.5614928007125854
2087	-2.1600353717803955	-2.056408405303955	4.792642116546631
2088	-2.224769353866577	3.0559816360473633	-0.5336188077926636
2089	-2.346255302429199	-1.79197096824646	4.753379821777344
2090	0.7625240683555603	-0.5883216857910156	-0.6543353199958801
2091	-2.055079460144043	0.8400911092758179	2.1601943969726562
2092	-2.24826979637146	-1.8885228633880615	4.764745235443115
2093	-1.4713857173919678	0.6261559128761292	0.9472304582595825
2094	-2.7932865619659424	-0.7141265273094177	4.1898040771484375
2095	-0.7636269927024841	-0.21858273446559906	1.1646177768707275
2096	-0.7916339039802551	-1.0740104913711548	1.854233741760254
2097	-2.2566304206848145	-1.9177552461624146	4.769169807434082
2098	-2.100908041000366	-2.098597764968872	4.795656681060791
2099	1.9229811429977417	-0.11330835521221161	-2.542121171951294
2100	-2.126173973083496	-2.029310464859009	4.773172855377197
2101	-2.2259788513183594	-1.9354428052902222	4.778168678283691
2102	2.0419418811798096	0.23288048803806305	-3.1914634704589844
2103	-2.554936647415161	-1.4527437686920166	4.690040588378906
2104	-2.853208303451538	0.01658710464835167	3.3953070640563965
2105	-2.251434087753296	-1.9630297422409058	4.814397811889648
2106	-0.1747319996356964	-0.9480693340301514	0.5625154972076416
2107	-2.326892852783203	-1.802822470664978	4.780603408813477
2108	-2.258924722671509	-1.9400675296783447	4.797266483306885
2109	-2.2686309814453125	-1.9422663450241089	4.796271800994873
2110	2.19447660446167	0.2924293577671051	-3.2736566066741943
2111	-2.505018949508667	-1.508810043334961	4.703563213348389
2112	2.1158642768859863	0.2642551362514496	-3.276033639907837
2113	-2.3676271438598633	3.4325735569000244	-0.8695067167282104
2114	-1.6053777933120728	0.5294132828712463	1.5787525177001953
2115	-0.2780112028121948	-0.3219449520111084	0.11627896130084991
2116	-1.7506113052368164	1.9949017763137817	0.16269229352474213
2117	-2.32836651802063	-1.8550370931625366	4.799008846282959
2118	-2.7146036624908447	-0.9169076085090637	4.3765740394592285
2119	-0.2149900645017624	1.8288120031356812	-2.2149171829223633
2120	-2.1795895099639893	-2.0336756706237793	4.810756206512451
2121	-2.235245943069458	-1.9530415534973145	4.771666049957275
2122	0.8959585428237915	-0.6358331441879272	-0.765974760055542
2123	-2.641472101211548	-1.2528482675552368	4.57010555267334
2124	-2.354605197906494	-1.8097840547561646	4.729077339172363
2125	-2.4096813201904297	-0.7681993842124939	3.8966031074523926
2126	-1.9705506563186646	0.786572277545929	1.9117872714996338
2127	-2.1779630184173584	-2.055454730987549	4.785299301147461
2128	-2.145420551300049	-2.0770699977874756	4.819533348083496
2129	-1.9705506563186646	0.786572277545929	1.9117872714996338
2130	1.8669342994689941	0.9130195379257202	-3.577486515045166
2131	1.8365845680236816	0.7006752490997314	-3.3394064903259277
2132	-2.1554794311523438	-2.013941764831543	4.763611316680908
2133	-2.4598042964935303	3.139425277709961	-0.7474767565727234
2134	-1.791783094406128	0.7249128222465515	1.6552273035049438
2135	-2.558441162109375	1.463701844215393	1.7528811693191528
2136	-2.347184896469116	-1.8574166297912598	4.774277210235596
2137	-2.093950033187866	-2.0879831314086914	4.80891752243042
2138	-2.353890895843506	-1.7993077039718628	4.778982639312744
2139	-2.428433418273926	-1.6537034511566162	4.734835147857666
2140	-1.1546043157577515	-0.42962929606437683	1.7811816930770874
2141	-2.1543147563934326	-2.0669586658477783	4.768298625946045
2142	-2.21144700050354	-2.0067358016967773	4.775559902191162
2143	-2.3436477184295654	-1.780866026878357	4.74100399017334
2144	-2.15950345993042	-2.0628983974456787	4.810149669647217
2145	0.7522292733192444	-0.07073412835597992	-1.1893254518508911
2146	-1.7718373537063599	0.7209692001342773	1.6463508605957031
2147	-2.6104910373687744	-1.4279183149337769	4.664480209350586
2148	-1.3852739334106445	0.15542854368686676	1.3678202629089355
2149	-0.5925762057304382	3.146056652069092	-2.625605821609497
2150	-2.3838212490081787	-0.37585994601249695	3.5151619911193848
2151	-1.9545106887817383	0.7747236490249634	1.9001054763793945
2152	1.6575864553451538	0.789720356464386	-3.338301658630371
2153	-2.0979905128479004	-2.0965566635131836	4.799428462982178
2154	1.6794922351837158	-0.39797061681747437	-1.9422004222869873
2155	-2.297578811645508	-1.920004963874817	4.75111198425293
2156	1.9479961395263672	0.6737922430038452	-3.4493958950042725
2157	-2.398245334625244	3.092406749725342	-0.2930848002433777
2158	1.776960015296936	0.3045496940612793	-2.7814555168151855
2159	-2.115394353866577	-2.0907859802246094	4.792511940002441
2160	0.09994511306285858	0.9896602034568787	-1.7549808025360107
2161	-0.8855386972427368	1.26308274269104	-0.5157440304756165
2162	-2.2030563354492188	-0.1480855643749237	2.739353895187378
2163	-2.3067216873168945	-1.880774736404419	4.761291980743408
2164	2.205310106277466	0.19846105575561523	-3.2328546047210693
2165	2.142733335494995	0.1560644656419754	-3.1496715545654297
2166	-2.0411930084228516	1.432763934135437	1.325194239616394
2167	-2.2141895294189453	-1.934794545173645	4.758670330047607
2168	-1.364641547203064	0.29178929328918457	1.3867342472076416
2169	-1.3986074924468994	-0.09146946668624878	1.6211540699005127
2170	-2.211991548538208	0.5558879375457764	2.3330843448638916
2171	-2.2712666988372803	-1.960790991783142	4.760617256164551
2172	-2.195420265197754	-1.9836653470993042	4.808810234069824
2173	-2.08697772026062	-2.1325621604919434	4.8163604736328125
2174	-2.6912481784820557	-1.0666559934616089	4.480710506439209
2175	1.0763704776763916	1.4802623987197876	-3.4190852642059326
2176	-2.1123008728027344	-1.0080631971359253	3.8538177013397217
2177	-0.1838531345129013	-1.214076042175293	0.8544224500656128
2178	-2.298262357711792	-1.6579186916351318	4.5970282554626465
2179	2.0441370010375977	0.39786505699157715	-3.3253087997436523
2180	-2.630018472671509	-1.0361533164978027	4.09356164932251
2181	-2.173790454864502	-0.47196969389915466	3.579354763031006
2182	-2.686472177505493	-1.2076152563095093	4.557404518127441
2183	-0.8261223435401917	-0.5182103514671326	1.34469735622406
2184	-1.6096481084823608	2.514307975769043	-0.4803173840045929
2185	1.0611802339553833	1.5501996278762817	-3.356627941131592
2186	-0.8313790559768677	-0.6252701878547668	1.4270503520965576
2187	-1.9745850563049316	3.290785312652588	-1.2507890462875366
2188	-2.3515682220458984	-1.7971636056900024	4.7697978019714355
2189	2.013669490814209	0.7875111699104309	-3.52376127243042
2190	-2.072382688522339	-2.200284957885742	4.796612739562988
2191	-2.7340126037597656	-0.961035430431366	4.434698581695557
2192	2.086981773376465	0.5904278755187988	-3.4591736793518066
2193	-2.382638692855835	-1.795495629310608	4.769216537475586
2194	-2.340223789215088	0.8345049023628235	2.1019816398620605
2195	-2.4787211418151855	-1.4491631984710693	4.588441371917725
2196	-2.2413837909698486	-1.9393764734268188	4.784064292907715
2197	-2.335930824279785	-1.8453527688980103	4.7856035232543945
2198	-0.36943668127059937	-0.07552098482847214	-0.10864274203777313
2199	-2.2033467292785645	0.9128471612930298	2.29575777053833
2200	-2.1987950801849365	-2.0040924549102783	4.814864158630371
2201	-0.5072560906410217	-0.5656247735023499	0.7888153791427612
2202	-2.0928964614868164	-2.1288585662841797	4.816092014312744
2203	-2.2452967166900635	-1.9708877801895142	4.797815799713135
2204	2.057966470718384	0.6870203018188477	-3.5177059173583984
2205	-2.2869300842285156	-1.9155224561691284	4.779275417327881
2206	2.024291515350342	0.3695330023765564	-3.2754149436950684
2207	-2.278048038482666	-1.955173373222351	4.79472017288208
2208	-2.553630828857422	3.026778221130371	-0.000337101926561445
2209	-2.1715753078460693	-2.047318935394287	4.815859794616699
2210	-2.2516589164733887	-1.9354325532913208	4.773046493530273
2211	2.1522226333618164	0.29357945919036865	-3.3333182334899902
2212	-1.6519837379455566	-0.6875309348106384	2.569469451904297
2213	-2.325282096862793	-1.0466629266738892	4.162829875946045
2214	1.3077672719955444	0.2687016427516937	-2.298910617828369
2215	-2.3281896114349365	-1.874714970588684	4.798181533813477
2216	-2.167091131210327	3.145404577255249	-0.31496649980545044
2217	-2.377305269241333	-1.7924399375915527	4.771989345550537
2218	-0.44417575001716614	-0.20355559885501862	0.6682449579238892
2219	2.1643013954162598	0.3693975806236267	-3.359952688217163
2220	2.026726722717285	0.23013314604759216	-3.1350412368774414
2221	1.0957388877868652	0.02195926010608673	-1.742018222808838
2222	-0.01917661726474762	2.3808300495147705	-2.967191457748413
2223	-2.6595425605773926	-0.12041542679071426	3.650503158569336
2224	-2.118813991546631	0.5147350430488586	2.2530312538146973
2225	-2.603750705718994	2.4669060707092285	0.5599498152732849
2226	-2.440551519393921	-0.5847022533416748	3.736865520477295
2227	-2.3695151805877686	0.6811205744743347	2.320906162261963
2228	1.9848140478134155	0.6604229807853699	-3.3330790996551514
2229	1.843332290649414	0.8176092505455017	-3.5147628784179688
2230	1.8270471096038818	0.8330430388450623	-3.541322708129883
2231	-2.14302396774292	2.8166728019714355	-0.11621186882257462
2232	0.7182777523994446	-1.1154084205627441	-0.28796640038490295
2233	2.0833497047424316	0.4076070189476013	-3.387929677963257
2234	-2.100908041000366	-2.098597764968872	4.795656681060791
2235	1.8747684955596924	0.5420073866844177	-3.3275458812713623
2236	-2.19387149810791	-2.0079338550567627	4.80040979385376
2237	-2.0652451515197754	-2.1321144104003906	4.810527801513672
2238	2.0860137939453125	0.6077147126197815	-3.4932260513305664
2239	-2.1807022094726562	-2.031482219696045	4.793004989624023
2240	-2.5812430381774902	-0.8670719265937805	4.191625595092773
2241	-2.111509084701538	-2.0964481830596924	4.785519599914551
2242	-1.6232651472091675	1.8792420625686646	-0.25081804394721985
2243	-2.196638345718384	-1.9688457250595093	4.7660088539123535
2244	2.162421464920044	0.573448121547699	-3.4746015071868896
2245	-2.230687379837036	-2.0022177696228027	4.8070244789123535
2246	2.11861515045166	0.5018486976623535	-3.3918778896331787
2247	-2.549055814743042	-0.5056783556938171	3.9132368564605713
2248	-2.6566364765167236	-1.3093048334121704	4.619451999664307
2249	-2.4325716495513916	-1.6826952695846558	4.747227191925049
2250	-0.6726533770561218	-0.1407090276479721	0.6255724430084229
2251	-2.046663761138916	0.8153245449066162	1.9993031024932861
2252	-2.51157546043396	3.0549755096435547	-0.16156308352947235
2253	-2.7522642612457275	0.3968670070171356	3.2011728286743164
2254	1.99564790725708	0.6438636183738708	-3.4773898124694824
2255	-0.5721300840377808	-1.0424773693084717	1.091975212097168
2256	-2.182114362716675	-2.001311779022217	4.786933422088623
2257	-2.725735902786255	-0.9400973320007324	4.38463020324707
2258	-1.175288200378418	2.428748607635498	-1.2468429803848267
2259	-1.214842438697815	3.3875718116760254	-2.270472764968872
2260	-2.6938116550445557	-0.09896423667669296	3.390838384628296
2261	-1.6754684448242188	3.527056932449341	-1.9485371112823486
2262	-2.6153011322021484	2.417400360107422	1.1479054689407349
2263	-2.248046875	-1.9251903295516968	4.7808332443237305
2264	-2.188159227371216	-0.5656196475028992	3.5692529678344727
2265	-2.455501079559326	-1.6331955194473267	4.74154806137085
2266	2.112649917602539	0.43961408734321594	-3.3827807903289795
2267	-2.53513240814209	-0.10809090733528137	3.5684974193573
2268	-2.579145908355713	-1.4439969062805176	4.674234390258789
2269	-1.2419989109039307	0.7872640490531921	0.4597834646701813
2270	-2.4859824180603027	-1.6507397890090942	4.659745216369629
2271	2.0918803215026855	-0.11430668830871582	-2.851652145385742
2272	-2.352861166000366	-1.8167804479599	4.765252590179443
2273	2.1499810218811035	0.11926249414682388	-3.1871068477630615
2274	-2.659611463546753	-0.5337926149368286	3.903285503387451
2275	-2.160064935684204	-2.0689921379089355	4.81431770324707
2276	-2.2506470680236816	-1.8533130884170532	4.775525093078613
2277	-2.092482328414917	-2.098519802093506	4.8002729415893555
2278	-0.5765626430511475	-0.5333753824234009	0.9705373048782349
2279	-2.0764291286468506	-2.1707992553710938	4.805539131164551
2280	-1.7264165878295898	2.821117877960205	-0.5900806188583374
2281	-2.1032371520996094	-2.096057891845703	4.7960381507873535
2282	-2.1651430130004883	-2.041510820388794	4.816720485687256
2283	1.0334999561309814	0.0011685643112286925	-1.6215063333511353
2284	-2.108755588531494	0.611088216304779	2.145942211151123
2285	-1.2014929056167603	3.3863043785095215	-2.2894771099090576
2286	-2.332657814025879	-1.8657793998718262	4.774716854095459
2287	-2.226534843444824	-1.971852421760559	4.8026227951049805
2288	-2.2622361183166504	-1.9401203393936157	4.785527229309082
2289	-2.2422947883605957	-1.9314088821411133	4.787546634674072
2290	-2.3878941535949707	-1.7674590349197388	4.7889790534973145
2291	-1.7556968927383423	3.4532532691955566	-1.6983892917633057
2292	-2.259944438934326	-1.9093371629714966	4.770048141479492
2293	-1.9088797569274902	2.4225172996520996	-0.45053166151046753
2294	-2.2241439819335938	-1.9766141176223755	4.762324333190918
2295	1.229554533958435	1.2150702476501465	-3.2687461376190186
2296	-2.474392890930176	-1.553762435913086	4.67915153503418
2297	2.0351994037628174	-0.051252659410238266	-2.864691972732544
2298	-2.4487483501434326	0.5012946128845215	2.4622888565063477
2299	1.4709341526031494	-0.5811567902565002	-1.7331552505493164
2300	-2.098820924758911	-2.110213041305542	4.8088812828063965
2301	-2.668621301651001	-0.7595524787902832	4.226100921630859
2302	1.9147638082504272	0.8500780463218689	-3.52795672416687
2303	-2.4618635177612305	-1.6856318712234497	4.740703105926514
2304	-2.194387197494507	3.1858348846435547	-0.3709951341152191
2305	-2.5565309524536133	-1.49888014793396	4.6813788414001465
2306	-2.51595401763916	2.7528204917907715	0.38390764594078064
2307	-2.665005922317505	2.869703769683838	0.4288398027420044
2308	-2.2766098976135254	-1.9497321844100952	4.791660308837891
2309	-2.9443042278289795	1.5558149814605713	1.7614291906356812
2310	1.8318160772323608	0.7152394652366638	-3.3788394927978516
2311	-2.2219176292419434	-1.9138967990875244	4.784663677215576
2312	-2.279411792755127	-1.9123097658157349	4.759686470031738
2313	1.815088152885437	0.01638457551598549	-2.5850937366485596
2314	-2.3420135974884033	-1.8277227878570557	4.756176948547363
2315	-2.298405170440674	-1.848465085029602	4.779378414154053
2316	-2.2107245922088623	-2.0113956928253174	4.802365779876709
2317	1.7770105600357056	0.5605483651161194	-3.1862540245056152
2318	-2.1077442169189453	-2.0784547328948975	4.799046993255615
2319	-2.3634378910064697	1.6485861539840698	1.5860366821289062
2320	-2.499908685684204	-1.4512518644332886	4.633291721343994
2321	2.044123888015747	0.6056539416313171	-3.4883439540863037
2322	-2.8385086059570312	-0.41486769914627075	3.9833896160125732
2323	-2.415560483932495	-1.335246205329895	4.435227394104004
2324	-2.4492099285125732	-1.3753849267959595	4.512798309326172
2325	2.0002288818359375	0.0858055129647255	-2.789158821105957
2326	-2.4391283988952637	-1.664131760597229	4.6767730712890625
2327	-2.2303993701934814	-1.976126790046692	4.786716461181641
2328	-2.0364792346954346	-2.178739547729492	4.7877421379089355
2329	-2.1235547065734863	-2.0702924728393555	4.805416107177734
2330	-2.1823372840881348	-1.9410768747329712	4.7646002769470215
2331	-2.1985013484954834	-2.0181174278259277	4.806902885437012
2332	0.27316582202911377	-0.6186220645904541	-0.1436232328414917
2333	-2.277137041091919	-1.945503830909729	4.7840800285339355
2334	-2.5428221225738525	-1.2714933156967163	4.47081184387207
2335	-0.0859294980764389	0.4960634410381317	-1.0422978401184082
2336	1.9463229179382324	0.675550103187561	-3.380767345428467
2337	-2.5738775730133057	-0.9916654825210571	4.349732875823975
2338	-2.1007931232452393	-2.117210865020752	4.786892890930176
2339	-2.5130538940429688	1.5552459955215454	1.6637728214263916
2340	-2.698531150817871	1.7698426246643066	1.4883642196655273
2341	-2.4432783126831055	0.4570213258266449	2.578751564025879
2342	-1.0333447456359863	-0.8678450584411621	1.7399492263793945
2343	-2.2209529876708984	-2.0238630771636963	4.8091864585876465
2344	-2.1707570552825928	-2.0421547889709473	4.81121826171875
2345	-2.0853114128112793	-1.4062262773513794	4.127553939819336
2346	-2.5732216835021973	1.5920350551605225	1.4634500741958618
2347	-2.245372772216797	-0.0247965008020401	2.5806310176849365
2348	-2.063987970352173	-2.126387357711792	4.800149917602539
2349	1.7737051248550415	0.6446599364280701	-3.093754768371582
2350	-2.1744723320007324	-2.010927677154541	4.767338752746582
2351	-2.6565117835998535	-0.7432042360305786	4.168644428253174
2352	-2.4793951511383057	-1.6143709421157837	4.716338157653809
2353	1.63036048412323	0.18171103298664093	-2.73553204536438
2354	2.1288774013519287	0.1232663094997406	-3.058422803878784
2355	-2.1084213256835938	-2.091301202774048	4.78965425491333
2356	0.6201320886611938	1.956045150756836	-3.1981959342956543
2357	-2.157029628753662	-2.0474777221679688	4.800655841827393
2358	-2.1707143783569336	-0.21942652761936188	3.2251205444335938
2359	-0.01914474368095398	2.818704605102539	-3.180076837539673
2360	-2.1805362701416016	0.6074123978614807	2.3273375034332275
2361	-2.134060859680176	-2.092355251312256	4.827364444732666
2362	-2.3953731060028076	-1.7402350902557373	4.7517266273498535
2363	-0.5237805247306824	-0.5374850034713745	0.8065913915634155
2364	-2.4760022163391113	-1.5173763036727905	4.671811103820801
2365	-2.1255857944488525	-2.050765037536621	4.786431312561035
2366	-1.9370150566101074	-0.5005885362625122	3.0348095893859863
2367	-2.1240625381469727	-2.0899291038513184	4.802295207977295
2368	-2.6480295658111572	-1.1349352598190308	4.4874396324157715
2369	1.2362060546875	1.7201894521713257	-3.6800272464752197
2370	-2.4608354568481445	-1.647216558456421	4.737512588500977
2371	2.043114423751831	0.2914745807647705	-3.102285861968994
2372	-2.1896772384643555	-2.0409650802612305	4.815920352935791
2373	-2.3259549140930176	-1.853468418121338	4.791070938110352
2374	-2.4475820064544678	1.7406824827194214	1.5590941905975342
2375	-2.46077299118042	-1.564261555671692	4.672579288482666
2376	-2.145735025405884	-0.3215356469154358	3.1430344581604004
2377	-2.3364312648773193	-1.7823368310928345	4.745369911193848
2378	-1.5465987920761108	3.584566593170166	-2.198028564453125
2379	-1.9638341665267944	1.242057204246521	1.336922526359558
2380	1.9834842681884766	0.4274395704269409	-3.261854410171509
2381	-2.243948221206665	-1.9022661447525024	4.780156135559082
2382	-2.509760856628418	-1.5832780599594116	4.71628999710083
2383	0.5838980078697205	-0.771820604801178	-0.311318576335907
2384	-2.609973907470703	0.7388926148414612	2.699111223220825
2385	-2.182887315750122	-2.043402671813965	4.797671794891357
2386	-2.3046135902404785	-1.8905038833618164	4.790060997009277
2387	-2.4159657955169678	-1.7322338819503784	4.724513530731201
2388	-2.6624042987823486	-1.0523678064346313	4.480979919433594
2389	-2.5316529273986816	2.862483263015747	-0.047214098274707794
2390	-2.1554794311523438	-2.013941764831543	4.763611316680908
2391	-2.6046667098999023	-1.1447020769119263	4.499202251434326
2392	-2.4794087409973145	-1.6431196928024292	4.746200084686279
2393	-1.1843645572662354	0.6324685215950012	0.6522594094276428
2394	-0.7784270644187927	-0.2614000737667084	0.6988317370414734
2395	2.157918691635132	0.41511300206184387	-3.298037528991699
2396	-1.9597220420837402	0.8516572117805481	1.5495257377624512
2397	-2.435373544692993	-1.696985125541687	4.759836673736572
2398	2.0862343311309814	0.12495378404855728	-3.0874834060668945
2399	-2.4980764389038086	-1.5180168151855469	4.6770782470703125
2400	-2.7103123664855957	-0.9259848594665527	4.3153862953186035
2401	1.8964085578918457	0.22117392718791962	-2.7975120544433594
2402	0.19055089354515076	-0.34598690271377563	-0.17269887030124664
2403	-2.149177074432373	-2.078674554824829	4.805673122406006
2404	-2.098052501678467	-2.135845899581909	4.802793979644775
2405	-0.5403196811676025	-0.7824596762657166	0.8716827630996704
2406	-0.1138707771897316	0.6262180209159851	-1.3604589700698853
2407	2.2150464057922363	0.30794763565063477	-3.3544089794158936
2408	-2.2701406478881836	-1.9528006315231323	4.787817478179932
2409	-2.64426851272583	3.0238137245178223	-0.1400718092918396
2410	-2.145228147506714	-2.0472002029418945	4.814876556396484
2411	-2.059969902038574	-2.1449360847473145	4.800732135772705
2412	-1.6079466342926025	3.184443473815918	-1.4771316051483154
2413	0.8390089869499207	2.06683349609375	-3.4742801189422607
2414	2.1518211364746094	0.5455119013786316	-3.476897716522217
2415	-2.1209373474121094	-2.111542224884033	4.804816722869873
2416	1.8504557609558105	0.6336031556129456	-3.1625800132751465
2417	-2.527308702468872	0.4707079231739044	2.39841890335083
2418	-2.6273272037506104	1.2679592370986938	1.8362329006195068
2419	-2.2867016792297363	-1.9331272840499878	4.779463291168213
2420	-2.3826873302459717	-0.9587611556053162	4.067104816436768
2421	2.1737112998962402	0.1662399172782898	-3.182769775390625
2422	2.059702157974243	0.2231290191411972	-3.1683199405670166
2423	2.195422649383545	0.40111881494522095	-3.3446152210235596
2424	-2.1606249809265137	1.5851430892944336	0.6159438490867615
2425	-2.4908108711242676	-1.6010644435882568	4.694624423980713
2426	-0.4119386374950409	-0.6963682174682617	0.8495025634765625
2427	-2.634678363800049	-1.3591080904006958	4.623044490814209
2428	1.6271544694900513	-0.09976702183485031	-2.171203136444092
2429	-2.113173723220825	-2.0777697563171387	4.7956719398498535
2430	-1.8913724422454834	-0.9619273543357849	3.4214470386505127
2431	-2.22851824760437	-1.9987863302230835	4.801376819610596
2432	-2.2103404998779297	-1.981026291847229	4.7935404777526855
2433	-0.007939472794532776	1.6931127309799194	-2.153564691543579
2434	2.034667491912842	0.04153686389327049	-2.8457064628601074
2435	-1.2990179061889648	3.1044955253601074	-1.8692787885665894
2436	2.041496992111206	0.6107752323150635	-3.4741828441619873
2437	-2.3929388523101807	-1.7699905633926392	4.737753868103027
2438	-2.2295358180999756	-1.9901502132415771	4.793944358825684
2439	-2.097355365753174	-2.1369364261627197	4.801304340362549
2440	-2.3832457065582275	-1.7791402339935303	4.75193452835083
2441	-2.076704502105713	2.0666937828063965	0.838546633720398
2442	-1.9087129831314087	-0.05518559738993645	2.0871455669403076
2443	-2.4138941764831543	0.028783369809389114	3.034933090209961
2444	-2.302766799926758	-1.9042654037475586	4.778604507446289
2445	1.8929858207702637	0.6914836764335632	-3.450829029083252
2446	2.09214448928833	0.5470088720321655	-3.3589415550231934
2447	-1.7163642644882202	1.4843813180923462	0.8193118572235107
2448	1.0592657327651978	0.22125932574272156	-2.0876331329345703
2449	-2.5248985290527344	-1.3175522089004517	4.524392604827881
2450	0.42282599210739136	-0.6001960039138794	-0.3302036225795746
2451	-2.279895782470703	-1.9147776365280151	4.768270969390869
2452	-2.132317304611206	-2.087319850921631	4.809563636779785
2453	0.49249136447906494	2.005852699279785	-3.2040817737579346
2454	-2.1967458724975586	2.7435784339904785	0.00985430832952261
2455	-2.2354037761688232	-1.9640239477157593	4.807065963745117
2456	-2.1626319885253906	-2.0543782711029053	4.812055587768555
2457	-2.4218268394470215	0.9884634613990784	2.016730785369873
2458	1.5584944486618042	0.0443490594625473	-2.243575096130371
2459	-0.39764463901519775	1.0038928985595703	-1.2873420715332031
2460	1.9463306665420532	0.09278607368469238	-2.938217878341675
2461	-2.022167921066284	-2.1763062477111816	4.776662349700928
2462	-2.2836782932281494	-1.94085693359375	4.801393032073975
2463	-1.2614325284957886	-0.3132861852645874	1.9633327722549438
2464	-2.1105947494506836	1.0567262172698975	1.876956820487976
2465	-2.0839974880218506	-2.081071138381958	4.774918556213379
2466	1.91849684715271	-0.3174920678138733	-2.4879207611083984
2467	2.1982951164245605	0.28384459018707275	-3.2935516834259033
2468	2.1427927017211914	0.3084688186645508	-3.331458330154419
2469	-1.14900803565979	-0.1309814155101776	1.4526475667953491
2470	-2.2764978408813477	-1.9562033414840698	4.805781364440918
2471	-2.1086678504943848	3.1318209171295166	-0.6798555850982666
2472	-0.05720143765211105	0.17760619521141052	-0.7822514176368713
2473	-0.7743329405784607	-0.5247090458869934	1.0625486373901367
2474	-0.974956214427948	-0.6868104338645935	1.6163996458053589
2475	0.5145667195320129	-0.564050555229187	-0.41425591707229614
2476	1.532294511795044	0.45738595724105835	-2.7098238468170166
2477	-2.107736587524414	-2.0761349201202393	4.805395603179932
2478	-0.9408575892448425	3.438509941101074	-2.563689708709717
2479	-1.7512098550796509	0.7109946012496948	1.6096082925796509
2480	0.3700854480266571	-0.5188832879066467	-0.6212693452835083
2481	-0.2742702066898346	-0.42248809337615967	0.386298269033432
2482	-2.300506830215454	-1.909918189048767	4.802742004394531
2483	-2.6007492542266846	3.1535863876342773	-0.16218484938144684
2484	-2.3827385902404785	-0.19033759832382202	3.3713536262512207
2485	-2.1030020713806152	-2.0761044025421143	4.783928394317627
2486	-2.518298864364624	0.6959081888198853	2.6879217624664307
2487	-0.6653552055358887	-0.20719674229621887	0.6961184740066528
2488	-2.4418883323669434	0.1678064465522766	3.0188145637512207
2489	1.2951539754867554	-0.21840603649616241	-1.5839133262634277
2490	-0.5906727910041809	2.6404147148132324	-2.290175676345825
2491	-2.810027837753296	1.3821264505386353	2.079120635986328
2492	-2.19358491897583	-1.9501460790634155	4.771931171417236
2493	-2.657356023788452	-1.022592306137085	4.432176113128662
2494	2.0385096073150635	0.14688622951507568	-2.9650015830993652
2495	-2.6851768493652344	0.6117501258850098	2.9748127460479736
2496	-2.8018014430999756	-0.4573224186897278	4.0715107917785645
2497	1.0431896448135376	0.2280377298593521	-1.984972357749939
2498	1.886491298675537	0.3020268678665161	-2.8728506565093994
2499	-2.9372458457946777	1.7370426654815674	1.8845328092575073
2500	-1.7884955406188965	0.030665375292301178	2.154017686843872
2501	-2.4539785385131836	-1.6320228576660156	4.717487812042236
2502	-2.2540295124053955	-1.8262032270431519	4.774168014526367
2503	-2.2493226528167725	-1.9605193138122559	4.7996439933776855
2504	2.140420913696289	0.32185250520706177	-3.158576011657715
2505	-2.2647454738616943	-1.9637806415557861	4.799556255340576
2506	-2.1926026344299316	-2.007436752319336	4.799381732940674
2507	-2.212777614593506	-1.9525809288024902	4.789618015289307
2508	-2.56803035736084	-0.8825898170471191	4.2160797119140625
2509	-2.4225707054138184	-1.7317945957183838	4.734493255615234
2510	0.8249454498291016	-0.8749460577964783	-0.5399327874183655
2511	-0.07320252060890198	-0.7684410214424133	0.3417310416698456
2512	-2.106391191482544	-2.1360726356506348	4.819827079772949
2513	-0.7634662985801697	2.4185056686401367	-2.168475866317749
2514	-2.255281448364258	-1.9337693452835083	4.804262638092041
2515	-2.1859841346740723	1.8757907152175903	0.6285127997398376
2516	-2.8995437622070312	0.8621716499328613	2.9263806343078613
2517	-2.712448835372925	-0.2940678596496582	3.849310874938965
2518	-2.288095235824585	-1.9161007404327393	4.787567138671875
2519	-1.474566102027893	0.37480539083480835	1.5153889656066895
2520	1.867424488067627	0.7502061724662781	-3.409730911254883
2521	-2.2138359546661377	-1.9645038843154907	4.804629802703857
2522	-2.2039389610290527	0.5702937245368958	2.3334436416625977
2523	-2.3699429035186768	-1.7660757303237915	4.7574238777160645
2524	-0.6680793762207031	3.2542150020599365	-2.95741605758667
2525	-1.2384707927703857	-0.1333312839269638	1.3786611557006836
2526	-0.23743627965450287	-0.17366454005241394	0.15852206945419312
2527	2.1033778190612793	0.48756664991378784	-3.3383312225341797
2528	-2.1001827716827393	-2.136408805847168	4.790841102600098
2529	0.7018194198608398	-0.5006514191627502	-0.7906302213668823
2530	-2.143463134765625	-2.0625884532928467	4.778416156768799
2531	1.6444504261016846	0.6576617360115051	-3.037949323654175
2532	-2.068904399871826	-2.1303203105926514	4.804042339324951
2533	0.14508411288261414	2.4100472927093506	-3.1201932430267334
2534	2.110422372817993	0.37542617321014404	-3.200338125228882
2535	-2.3379297256469727	-1.3249465227127075	4.373964786529541
2536	-2.1918399333953857	-1.9352000951766968	4.765837669372559
2537	-2.1682121753692627	-2.06575870513916	4.797659397125244
2538	1.952779769897461	0.043704673647880554	-2.6587181091308594
2539	-2.42118501663208	-1.6657967567443848	4.72676944732666
2540	0.5295736193656921	-0.8450512886047363	-0.2754015624523163
2541	-1.5426671504974365	3.449223756790161	-2.151381015777588
2542	0.48353147506713867	-0.850130558013916	-0.2715705633163452
2543	-2.1764612197875977	-2.0498785972595215	4.8180718421936035
2544	2.1667938232421875	0.06894148141145706	-3.044685125350952
2545	-2.958030939102173	0.5080296397209167	3.1529757976531982
2546	0.1828380674123764	0.31870004534721375	-1.0954769849777222
2547	-2.158722400665283	-2.044431686401367	4.801024913787842
2548	-2.1081056594848633	-2.054882049560547	4.7960076332092285
2549	-1.0777013301849365	0.2865155339241028	0.9031261801719666
2550	-2.2584450244903564	-1.9880038499832153	4.806075572967529
2551	-2.1764109134674072	-1.9993607997894287	4.790463924407959
2552	-2.1928887367248535	-2.027639389038086	4.812347888946533
2553	-1.9290372133255005	-0.7381738424301147	3.450831413269043
2554	1.5974311828613281	1.0082018375396729	-3.5215797424316406
2555	-2.261023759841919	-1.9145463705062866	4.774548530578613
2556	-2.1169838905334473	-2.1094133853912354	4.770232677459717
2557	-1.1459239721298218	2.014836549758911	-1.0465654134750366
2558	-1.4609456062316895	3.399526357650757	-2.190312385559082
2559	-1.848312258720398	1.6072907447814941	0.8808268308639526
2560	2.052894353866577	0.6133979558944702	-3.4630608558654785
2561	-2.136784791946411	-2.0866761207580566	4.795718193054199
2562	-1.4210729598999023	-0.5871554017066956	2.242155075073242
2563	1.9335399866104126	0.3112652003765106	-3.029606580734253
2564	-2.2855610847473145	-1.9394220113754272	4.79117488861084
2565	-2.3243162631988525	0.005525943357497454	3.1899070739746094
2566	-2.1358020305633545	-0.7505473494529724	3.455747365951538
2567	1.9611594676971436	0.3465481996536255	-3.1070404052734375
2568	-2.3581583499908447	-1.7097625732421875	4.72530460357666
2569	-1.9088801145553589	-0.16417962312698364	2.795297622680664
2570	-2.3781187534332275	-0.5556939244270325	3.2893168926239014
2571	-2.2808165550231934	-1.8263459205627441	4.752106189727783
2572	-2.2698307037353516	-1.926850438117981	4.807677268981934
2573	-2.3993241786956787	-1.4860342741012573	4.64367151260376
2574	-2.0537073612213135	3.298543930053711	-1.3931670188903809
2575	-2.292919158935547	-1.8514201641082764	4.7715044021606445
2576	2.096099376678467	0.36772817373275757	-3.3196632862091064
2577	-2.029458522796631	-2.186284303665161	4.812126636505127
2578	-2.2222726345062256	-1.9465382099151611	4.797250270843506
2579	-2.0311026573181152	-1.2480847835540771	3.8001949787139893
2580	-1.469894528388977	2.474402666091919	-0.8433078527450562
2581	-2.744978427886963	-0.5638691782951355	4.161352157592773
2582	0.8383933305740356	1.0478459596633911	-2.616241693496704
2583	2.023772716522217	0.3096323013305664	-3.228334665298462
2584	-2.5153374671936035	-1.4843388795852661	4.634572505950928
2585	2.1415278911590576	0.39232149720191956	-3.23653244972229
2586	-2.5432755947113037	-1.4498175382614136	4.519527912139893
2587	-2.2494957447052	1.220910668373108	1.6745644807815552
2588	-2.2595434188842773	-1.9535163640975952	4.795494556427002
2589	0.47011345624923706	2.2756271362304688	-3.3889546394348145
2590	0.7126715779304504	-0.8044260144233704	-0.5833835601806641
2591	2.1208322048187256	0.40861284732818604	-3.299403190612793
2592	-2.520474433898926	-0.60755854845047	3.785323143005371
2593	-2.304361343383789	-1.814149022102356	4.735834121704102
2594	-2.2396178245544434	-1.9918726682662964	4.799004554748535
2595	1.9514418840408325	0.3920544385910034	-3.18682861328125
2596	2.143061399459839	0.5366448760032654	-3.398258924484253
2597	-2.5316672325134277	0.4362788796424866	2.747645616531372
2598	-2.2532565593719482	-1.9665453433990479	4.79232931137085
2599	-2.1775333881378174	-2.0424180030822754	4.817006587982178
2600	1.1694191694259644	0.31450241804122925	-2.3600635528564453
2601	-2.218341588973999	-1.9555140733718872	4.8018317222595215
2602	-2.141646146774292	1.1852331161499023	1.1375209093093872
2603	-2.1138241291046143	-2.0980165004730225	4.808843612670898
2604	0.7028840184211731	1.3958691358566284	-2.7218475341796875
2605	-2.2260451316833496	-1.9657007455825806	4.780498504638672
2606	2.2230658531188965	0.20691755414009094	-3.2108423709869385
2607	-2.456148862838745	-0.5521910786628723	3.6809654235839844
2608	2.1119158267974854	0.5143805146217346	-3.404539108276367
2609	-2.32883358001709	-1.8824819326400757	4.767310619354248
2610	-2.1121301651000977	-2.082458972930908	4.8260369300842285
2611	1.9077820777893066	0.41574400663375854	-3.137789011001587
2612	-0.6180563569068909	2.3559889793395996	-2.4592080116271973
2613	2.1277785301208496	0.47886908054351807	-3.4114601612091064
2614	-2.3582682609558105	-1.8298622369766235	4.782911777496338
2615	-2.1561439037323	-2.055049419403076	4.7952985763549805
2616	1.8486900329589844	0.7776892781257629	-3.5106048583984375
2617	-2.300201892852783	-1.895555019378662	4.80247163772583
2618	-2.1379942893981934	-2.043741464614868	4.769099712371826
2619	-2.6139819622039795	0.40686407685279846	3.0839602947235107
2620	-2.334409236907959	-1.7780653238296509	4.734523773193359
2621	-1.9913134574890137	3.498988628387451	-1.4955565929412842
2622	2.2322018146514893	0.3829108476638794	-3.3969333171844482
2623	-0.6100712418556213	-0.33406782150268555	0.87276691198349
2624	-1.9903738498687744	1.3878142833709717	1.3067400455474854
2625	-2.3887226581573486	-1.705006718635559	4.7164998054504395
2626	2.11238169670105	-0.14335303008556366	-2.920013666152954
2627	2.0563406944274902	0.29631417989730835	-3.1669232845306396
2628	-2.1769180297851562	-2.043396472930908	4.820071697235107
2629	-0.897713840007782	3.330261707305908	-2.429023265838623
2630	0.7772205471992493	-0.7188176512718201	-0.4370550215244293
2631	-2.1836745738983154	-2.0333123207092285	4.7899169921875
2632	-1.7600880861282349	0.4870430529117584	2.03910231590271
2633	-2.744074583053589	1.0316956043243408	2.711205244064331
2634	-2.458134174346924	-0.9249150156974792	4.1323418617248535
2635	-2.1813321113586426	-2.0624334812164307	4.768497943878174
2636	0.9832190871238708	1.45785391330719	-3.3001785278320312
2637	-2.274442672729492	-1.9374784231185913	4.809543609619141
2638	-2.606773614883423	-1.4447308778762817	4.670398235321045
2639	-2.1662404537200928	-1.110391616821289	3.9552557468414307
2640	-2.024894952774048	-2.2147302627563477	4.794785499572754
2641	-2.1205995082855225	2.437286376953125	0.25851553678512573
2642	-2.3760621547698975	-1.7924190759658813	4.780844688415527
2643	-2.033447027206421	-2.2117109298706055	4.803674221038818
2644	-2.194483518600464	-2.015652656555176	4.80893087387085
2645	-2.2530887126922607	-1.9654428958892822	4.783227920532227
2646	1.899322748184204	1.0142570734024048	-3.638068437576294
2647	2.216535806655884	0.2913079857826233	-3.3342037200927734
2648	-2.221113443374634	-1.9296809434890747	4.792356967926025
2649	2.167487859725952	0.09370285272598267	-3.161646842956543
2650	-2.801213026046753	1.3663265705108643	2.3001158237457275
2651	2.175225019454956	0.3544788062572479	-3.341888427734375
2652	-2.5635480880737305	-1.348069429397583	4.606804847717285
2653	-2.323892116546631	-1.89363431930542	4.787151336669922
2654	-2.334282636642456	-1.8179553747177124	4.775510311126709
2655	1.9321749210357666	0.7256054282188416	-3.3021438121795654
2656	-2.3548831939697266	-1.8099881410598755	4.772138595581055
2657	-2.286987543106079	-1.9380090236663818	4.792923450469971
2658	1.7324771881103516	0.19483767449855804	-2.696035861968994
2659	-2.5955686569213867	1.6959420442581177	1.7664703130722046
2660	-1.718620777130127	-0.19410349428653717	2.319523811340332
2661	2.2322447299957275	0.12770472466945648	-3.123495101928711
2662	-2.4538543224334717	-0.9422276616096497	4.167190074920654
2663	-2.086268424987793	-2.1429665088653564	4.800232887268066
2664	-2.2272064685821533	-1.99018132686615	4.811788082122803
2665	-2.1751179695129395	-2.052638530731201	4.802939414978027
2666	-2.145231008529663	-2.0747859477996826	4.767211437225342
2667	-2.5141522884368896	0.18855954706668854	3.229287624359131
2668	-2.17765474319458	-2.068682909011841	4.807361125946045
2669	-2.258573055267334	-1.9492239952087402	4.772515296936035
2670	-2.0604488849639893	-2.1648616790771484	4.809154510498047
2671	-2.573823928833008	2.0452632904052734	1.528785228729248
2672	-2.2188613414764404	-2.0079505443573	4.768235206604004
2673	-2.7635598182678223	-0.18395744264125824	3.7991678714752197
2674	-2.6190927028656006	-1.466962218284607	4.6829023361206055
2675	-2.6882691383361816	-1.1223245859146118	4.503163814544678
2676	-2.112217664718628	-2.0317907333374023	4.755215644836426
2677	-2.485508441925049	-1.5603842735290527	4.708560466766357
2678	-2.285417318344116	-1.8347381353378296	4.783339977264404
2679	-1.885769009590149	-0.3036872446537018	2.905327796936035
2680	-2.1216068267822266	-2.086127519607544	4.8062424659729
2681	1.8677564859390259	0.4860070049762726	-3.3039464950561523
2682	0.36060214042663574	0.34911105036735535	-1.281233549118042
2683	-2.6952273845672607	0.6604386568069458	2.7779428958892822
2684	-2.1418676376342773	-2.1071441173553467	4.820865154266357
2685	-2.3413217067718506	-0.9505682587623596	4.0848708152771
2686	-0.5487553477287292	-0.5692484378814697	0.8765243887901306
2687	-2.1380858421325684	-2.062103509902954	4.8119401931762695
2688	-2.930604934692383	-0.33436572551727295	4.047049045562744
2689	-2.149973154067993	2.448518991470337	0.2681609094142914
2690	-2.212390422821045	-1.9890186786651611	4.775581359863281
2691	1.8337684869766235	0.8988982439041138	-3.5771055221557617
2692	2.072345018386841	0.4637005925178528	-3.2930233478546143
2693	-1.4332695007324219	-0.25047633051872253	1.775242567062378
2694	-2.1318609714508057	-2.089717149734497	4.773275852203369
2695	-2.258650064468384	0.3266698122024536	2.6902899742126465
2696	-1.370606780052185	-0.10817082971334457	1.7852869033813477
2697	2.168482780456543	0.42626047134399414	-3.4248154163360596
2698	-2.1817128658294678	-2.048999786376953	4.811995029449463
2699	-2.1016457080841064	-2.1215248107910156	4.8005757331848145
2700	-2.5680325031280518	-1.1961708068847656	4.453104019165039
2701	-1.9035921096801758	1.4099488258361816	1.30552339553833
2702	-2.0980191230773926	-2.1559436321258545	4.78751802444458
2703	2.188237190246582	0.3090169131755829	-3.225952625274658
2704	0.20118457078933716	1.3283380270004272	-2.360387086868286
2705	-2.2782530784606934	-1.9469279050827026	4.79081916809082
2706	-2.343082904815674	-1.8575307130813599	4.783880710601807
2707	-2.3070080280303955	-1.871768832206726	4.810072898864746
2708	-1.1182920932769775	1.9478164911270142	-0.8916628956794739
2709	2.1982309818267822	0.27344977855682373	-3.281533718109131
2710	-2.205977201461792	-1.918662667274475	4.766338348388672
2711	-2.1867659091949463	0.5990502238273621	2.248764991760254
2712	-2.162734031677246	-2.0054774284362793	4.801517963409424
2713	1.9729286432266235	0.3086722791194916	-3.1628403663635254
2714	-2.455552577972412	-1.5386253595352173	4.678234577178955
2715	-2.365312337875366	0.8183398246765137	2.477069139480591
2716	1.6954514980316162	0.5211343169212341	-3.089350461959839
2717	-1.2720552682876587	-0.3157731294631958	1.755540370941162
2718	-2.4796295166015625	-1.6455882787704468	4.721121311187744
2719	0.554902970790863	2.096250057220459	-3.2978882789611816
2720	-2.1164541244506836	-2.077702522277832	4.798771381378174
2721	-2.371534824371338	-1.7799922227859497	4.767658233642578
2722	-2.0973784923553467	-2.088297128677368	4.795223236083984
2723	-2.1671323776245117	-2.0533313751220703	4.788974285125732
2724	-2.246716022491455	3.6674041748046875	-1.1889547109603882
2725	-2.7111480236053467	0.6084863543510437	2.171358823776245
2726	1.6776797771453857	0.9549618363380432	-3.3571741580963135
2727	1.895973563194275	0.6683159470558167	-3.430840253829956
2728	-2.787428855895996	1.2696614265441895	2.332580804824829
2729	-0.331373929977417	-0.2706071138381958	0.4207110106945038
2730	-2.3194117546081543	-1.8307600021362305	4.731825828552246
2731	2.048581123352051	0.22052957117557526	-3.159756660461426
2732	-2.259486675262451	-1.9715420007705688	4.809796333312988
2733	-1.5806970596313477	0.191371351480484	1.747529149055481
2734	-2.3954381942749023	-1.7819247245788574	4.775668144226074
2735	-2.5432288646698	-1.3404966592788696	4.644973278045654
2736	-2.221367835998535	-1.9977859258651733	4.806737422943115
2737	2.181199789047241	0.39792877435684204	-3.3436548709869385
2738	-2.578845739364624	-1.1386653184890747	4.394430637359619
2739	2.0462024211883545	0.820300817489624	-3.624022960662842
2740	-2.067464590072632	-2.172097682952881	4.827209949493408
2741	0.32659146189689636	2.4629740715026855	-3.445966958999634
2742	-1.9150121212005615	1.651642084121704	0.7586061954498291
2743	-2.3298115730285645	-1.8825291395187378	4.794809818267822
2744	-2.3062219619750977	3.2807865142822266	-1.007729172706604
2745	-2.494997978210449	-1.6095939874649048	4.730056285858154
2746	2.1664702892303467	0.18545317649841309	-3.1931841373443604
2747	0.9334635734558105	-0.5048515796661377	-1.0445960760116577
2748	-2.1869406700134277	-2.0013620853424072	4.821974277496338
2749	-2.4082024097442627	-1.707398533821106	4.7558817863464355
2750	1.285276174545288	-0.2813834846019745	-1.7772517204284668
2751	-2.170081377029419	3.4675416946411133	-1.2934000492095947
2752	-1.688588261604309	0.9542666077613831	1.3094074726104736
2753	-2.072909116744995	-2.0670082569122314	4.758652210235596
2754	-2.0676281452178955	2.999948263168335	-0.8732742667198181
2755	-2.1549108028411865	-2.023313045501709	4.793932914733887
2756	2.124220609664917	0.2114473432302475	-3.2131869792938232
2757	-2.619320869445801	0.2050008475780487	3.1264960765838623
2758	-2.2390873432159424	-1.9717050790786743	4.8076677322387695
2759	-2.1266136169433594	-2.113300323486328	4.8040547370910645
2760	-2.2632229328155518	-1.9493716955184937	4.804229259490967
2761	-2.4547536373138428	3.0587072372436523	-0.20248015224933624
2762	-2.3640568256378174	-1.7184085845947266	4.719545364379883
2763	-2.3987765312194824	-1.1912903785705566	4.270195007324219
2764	-2.1246354579925537	3.559856653213501	-1.4727396965026855
2765	-2.6071054935455322	-1.4136221408843994	4.643045902252197
2766	-2.691392421722412	-1.2212620973587036	4.56387996673584
2767	-2.269373893737793	-1.9329665899276733	4.786268711090088
2768	-2.734926462173462	-0.8320457935333252	4.313545227050781
2769	-1.7935324907302856	0.12120262533426285	2.404327154159546
2770	0.9155107140541077	-0.23917090892791748	-1.2632170915603638
2771	-2.162715435028076	-1.8129897117614746	4.585890293121338
2772	-1.9080556631088257	3.277557373046875	-1.4415796995162964
2773	-2.1370792388916016	-2.0826470851898193	4.808051109313965
2774	1.9910986423492432	0.4758774936199188	-3.263751983642578
2775	-2.015951156616211	-2.1958744525909424	4.786373138427734
2776	-2.351346015930176	-1.8255364894866943	4.773678302764893
2777	-2.0875051021575928	2.1168882846832275	0.18273480236530304
2778	1.952500343322754	0.6603721976280212	-3.5050015449523926
2779	-2.3364648818969727	-1.839401125907898	4.781814098358154
2780	-2.4046547412872314	-1.7515621185302734	4.755349159240723
2781	-2.297163724899292	-1.8435535430908203	4.760386943817139
2782	-2.6478307247161865	-0.39809340238571167	3.940411329269409
2783	-2.2360267639160156	-1.9994548559188843	4.78141450881958
2784	-2.064812421798706	-2.2023870944976807	4.797112941741943
2785	-0.27767056226730347	-0.9154782891273499	0.7526892423629761
2786	-2.280306816101074	3.4321610927581787	-0.7902567982673645
2787	-2.5468106269836426	-1.4852731227874756	4.709630489349365
2788	-1.1309088468551636	1.1071089506149292	0.03749006614089012
2789	-2.6067874431610107	-1.2343946695327759	4.514211177825928
2790	-2.1840972900390625	0.33412760496139526	2.4583163261413574
2791	0.07309705018997192	-0.42964431643486023	0.10455101728439331
2792	1.9079495668411255	0.7066348195075989	-3.4348831176757812
2793	-2.0261828899383545	-2.147006034851074	4.7635297775268555
2794	-2.2840054035186768	-1.9386018514633179	4.778853416442871
2795	-2.233750343322754	-1.927099347114563	4.781137943267822
2796	-2.6091511249542236	1.104469656944275	2.163569450378418
2797	2.149522066116333	0.2189570516347885	-3.1417269706726074
2798	-2.5095224380493164	0.22226093709468842	3.1998629570007324
2799	1.2972412109375	0.1438104212284088	-1.9922995567321777
2800	2.251800775527954	0.2385365217924118	-3.2930712699890137
2801	-1.0759292840957642	0.06801493465900421	1.2361582517623901
2802	-2.3781752586364746	-1.7684067487716675	4.742449760437012
2803	1.655556559562683	0.27926671504974365	-2.594440221786499
2804	-2.4618635177612305	-1.6856318712234497	4.740703105926514
2805	-2.1393988132476807	-2.083317995071411	4.817695140838623
2806	-2.201108932495117	-2.012216329574585	4.799017429351807
2807	-1.772105097770691	-0.23799897730350494	2.566767930984497
2808	-2.105635166168213	-2.0446197986602783	4.789411544799805
2809	-2.2098488807678223	-1.98910653591156	4.817915916442871
2810	-2.1605069637298584	-2.04313588142395	4.8330512046813965
2811	-2.292070150375366	-1.9284536838531494	4.787747383117676
2812	2.1436355113983154	0.5196376442909241	-3.4206383228302
2813	-2.811483860015869	2.812220811843872	0.4491964280605316
2814	-1.7087266445159912	-1.7970417737960815	4.113791465759277
2815	-1.9463634490966797	-2.053460121154785	4.524369239807129
2816	-2.319119453430176	-0.11529228836297989	3.382026195526123
2817	-1.02444589138031	3.346625804901123	-2.5537962913513184
2818	-0.43705877661705017	0.06765413284301758	-0.23345892131328583
2819	-2.306576728820801	-0.564214289188385	3.6428098678588867
2820	-1.7792298793792725	0.023660853505134583	1.9308594465255737
2821	-2.515552043914795	1.6082371473312378	1.5949931144714355
2822	-2.4341840744018555	-1.6830861568450928	4.749460697174072
2823	-1.7819856405258179	2.7223386764526367	-0.7655439972877502
2824	-2.257519483566284	-1.8881510496139526	4.792168140411377
2825	-2.2336933612823486	-1.9313899278640747	4.792623996734619
2826	-2.2045600414276123	-2.01693058013916	4.802297592163086
2827	1.8305790424346924	-0.004308569710701704	-2.470663547515869
2828	-2.2385096549987793	-1.9408445358276367	4.803005218505859
2829	-2.0675175189971924	-2.1422882080078125	4.806469917297363
2830	-2.2250869274139404	-1.9736512899398804	4.783181667327881
2831	-2.411093235015869	-1.2452099323272705	4.433781623840332
2832	-2.114908218383789	-2.083005428314209	4.793953895568848
2833	-2.099778890609741	-2.095956325531006	4.7998881340026855
2834	-2.4054367542266846	2.741952419281006	0.07870625704526901
2835	-1.9853019714355469	0.6258880496025085	1.9913177490234375
2836	-2.243323564529419	-1.966806173324585	4.815630912780762
2837	-2.680915117263794	2.093977689743042	0.7329820394515991
2838	-2.4063074588775635	-1.716389775276184	4.756693363189697
2839	-1.6210713386535645	0.6590015292167664	1.4342000484466553
2840	1.382269263267517	0.47407066822052	-2.5272998809814453
2841	-2.065293073654175	3.5269296169281006	-1.4965683221817017
2842	-2.242286443710327	-1.9325999021530151	4.778428554534912
2843	-2.3010902404785156	3.1659820079803467	-0.312375009059906
2844	-2.3777337074279785	-1.79756760597229	4.727351188659668
2845	-2.1380996704101562	-2.034734010696411	4.805304527282715
2846	-1.6680526733398438	-0.8685494661331177	3.38604736328125
2847	-2.579319477081299	-0.4743746221065521	3.7806026935577393
2848	-2.3021438121795654	-1.8992793560028076	4.794944763183594
2849	-1.948626160621643	3.01967191696167	-1.0756462812423706
2850	-1.976301670074463	3.667461633682251	-1.3938285112380981
2851	-2.3365352153778076	-1.8344944715499878	4.788364410400391
2852	0.44270822405815125	-1.183748722076416	0.35838475823402405
2853	-2.643265724182129	1.9526914358139038	1.539951205253601
2854	2.1832082271575928	0.23894427716732025	-3.267828941345215
2855	-1.7493674755096436	0.5476624369621277	1.9187431335449219
2856	-2.161592960357666	-2.048210620880127	4.812829971313477
2857	-2.1688904762268066	-2.03401780128479	4.7632622718811035
2858	-2.297259569168091	-1.9297199249267578	4.7694597244262695
2859	-2.2508909702301025	-1.9145832061767578	4.7660651206970215
2860	-2.2427563667297363	-1.9171522855758667	4.799153804779053
2861	-2.060534954071045	-2.11299467086792	4.8028106689453125
2862	-2.1127731800079346	3.280338764190674	-1.2475441694259644
2863	1.9984389543533325	0.7763773798942566	-3.6213998794555664
2864	1.5927742719650269	0.9634308815002441	-3.404338836669922
2865	-2.313554048538208	-1.8176113367080688	4.769169330596924
2866	-2.197584867477417	-1.9749544858932495	4.788035869598389
2867	1.793477177619934	0.27544286847114563	-2.8791863918304443
2868	-2.165311574935913	-2.0594499111175537	4.825381755828857
2869	2.2153871059417725	0.2605873942375183	-3.2966957092285156
2870	-0.4974191188812256	-0.0862637311220169	0.21294987201690674
2871	-2.177114486694336	0.13922013342380524	2.923701047897339
2872	-2.1956703662872314	-1.6560252904891968	4.550471782684326
2873	-2.2856407165527344	-1.9339499473571777	4.752333641052246
2874	-2.215296983718872	-2.0227367877960205	4.781667232513428
2875	1.7852369546890259	0.951149582862854	-3.484281539916992
2876	-0.5901164412498474	3.1942331790924072	-3.04453182220459
2877	-1.6224021911621094	0.49166762828826904	1.8453023433685303
2878	0.41794005036354065	-0.9845501780509949	0.192576065659523
2879	-2.2511556148529053	0.6524968147277832	2.5041444301605225
2880	-2.478006601333618	-1.6463184356689453	4.740190029144287
2881	-2.481948137283325	-1.6616140604019165	4.735204219818115
2882	-2.0975186824798584	-2.1496429443359375	4.796272277832031
2883	0.6178157925605774	-0.25111985206604004	-1.0867528915405273
2884	-2.2239322662353516	-1.962095022201538	4.8085503578186035
2885	-1.847978115081787	0.052531782537698746	2.4335391521453857
2886	0.744571328163147	-0.1506822556257248	-1.2088850736618042
2887	-2.1062424182891846	-2.09610652923584	4.791065692901611
2888	-2.668933868408203	2.03794002532959	0.9650312066078186
2889	-2.186854839324951	-1.9824501276016235	4.784816265106201
2890	1.6018171310424805	0.29676544666290283	-2.7766757011413574
2891	-2.4326155185699463	0.9020857214927673	2.391925096511841
2892	1.3343408107757568	0.37142401933670044	-2.421454429626465
2893	1.6598060131072998	1.2072192430496216	-3.517542839050293
2894	-2.2056915760040283	-1.915907621383667	4.687458515167236
2895	-2.507082223892212	-0.26283755898475647	3.325652599334717
2896	2.1328773498535156	0.32598769664764404	-3.277310848236084
2897	-2.366532564163208	-1.762245535850525	4.738650321960449
2898	-2.1886134147644043	-2.0282340049743652	4.7901611328125
2899	-2.0491366386413574	-2.1500728130340576	4.8167724609375
2900	-2.1866447925567627	-2.0396194458007812	4.790774822235107
2901	0.16317333281040192	-0.47056588530540466	-0.39153939485549927
2902	-2.230074405670166	-1.9761676788330078	4.782276153564453
2903	2.1095926761627197	0.46392035484313965	-3.4224066734313965
2904	-2.2663915157318115	-1.6383955478668213	4.604336261749268
2905	2.1703898906707764	0.3247607350349426	-3.33168363571167
2906	2.0766546726226807	0.1620357185602188	-3.0629119873046875
2907	2.1273653507232666	0.4969702959060669	-3.4106640815734863
2908	-2.176945209503174	-2.0297842025756836	4.799806594848633
2909	-1.5402705669403076	0.5272493958473206	1.463514804840088
2910	-2.113284111022949	-2.0760388374328613	4.799172401428223
2911	-2.0311553478240967	1.247637152671814	1.4405791759490967
2912	-1.7586472034454346	2.994497299194336	-0.958527147769928
2913	-2.77187442779541	0.8121092915534973	2.8657734394073486
2914	-2.264364719390869	-1.9576921463012695	4.7996320724487305
2915	2.0926759243011475	0.20795364677906036	-3.1634044647216797
2916	-2.539186477661133	-1.4073113203048706	4.562691688537598
2917	-2.2234184741973877	-2.0046443939208984	4.800468444824219
2918	-0.045924775302410126	0.09059937298297882	-0.4445297122001648
2919	-2.0238070487976074	-2.1580986976623535	4.727569103240967
2920	-2.5521726608276367	1.8487415313720703	1.563808560371399
2921	-2.1216177940368652	-2.1271729469299316	4.7961883544921875
2922	1.6518610715866089	-0.057017888873815536	-2.4145352840423584
2923	-2.118884563446045	-2.0923404693603516	4.752567768096924
2924	-2.3994300365448	-1.7317582368850708	4.7566752433776855
2925	-2.6726558208465576	-0.12090584635734558	3.7031733989715576
2926	-2.1973164081573486	-2.0179624557495117	4.80607795715332
2927	-1.0745015144348145	3.443544387817383	-2.522212505340576
2928	0.33743032813072205	-0.5302747488021851	-0.6067062020301819
2929	-2.5907440185546875	-1.1992868185043335	4.50099515914917
2930	1.993805170059204	0.6930198073387146	-3.5041608810424805
2931	-2.2398927211761475	-1.9484683275222778	4.7564849853515625
2932	-3.0566792488098145	1.6456001996994019	2.1521646976470947
2933	1.9307982921600342	0.7647673487663269	-3.4653894901275635
2934	1.0806094408035278	-0.5739912986755371	-1.1527749300003052
2935	-2.1553919315338135	-2.081875801086426	4.789883613586426
2936	0.7518616318702698	1.2767605781555176	-2.6972861289978027
2937	0.8008841872215271	-0.24202139675617218	-1.029132604598999
2938	-2.210930347442627	-2.0062239170074463	4.810168743133545
2939	-2.1705241203308105	2.0570404529571533	0.7212369441986084
2940	-2.190256118774414	-2.0454862117767334	4.78173828125
2941	-2.5369338989257812	3.2583978176116943	-0.3729609549045563
2942	-2.8151729106903076	0.26196783781051636	3.37134051322937
2943	-2.069098949432373	-2.1020348072052	4.769174575805664
2944	1.2695786952972412	0.7045239806175232	-2.8580007553100586
2945	1.9893362522125244	0.5170189738273621	-3.3535335063934326
2946	-2.2452471256256104	-1.9267476797103882	4.785267353057861
2947	1.6926332712173462	-0.24226884543895721	-2.238713264465332
2948	1.9824892282485962	0.7900459170341492	-3.6364848613739014
2949	2.1921656131744385	0.3551607131958008	-3.3763301372528076
2950	1.3433825969696045	0.009031161665916443	-2.0855789184570312
2951	1.3906583786010742	1.051269292831421	-3.349940299987793
2952	-2.1554794311523438	-2.013941764831543	4.763611316680908
2953	2.0869085788726807	0.22159689664840698	-3.1850013732910156
2954	-2.113051414489746	-2.1267805099487305	4.802333831787109
2955	-2.11077618598938	-2.1361470222473145	4.805085182189941
2956	-2.2886123657226562	-1.9198135137557983	4.81441068649292
2957	-2.1800031661987305	-2.049670696258545	4.812470436096191
2958	-2.199889898300171	1.7671815156936646	0.8184492588043213
2959	1.8475347757339478	1.1769564151763916	-3.762540340423584
2960	-1.1885138750076294	-0.6439347267150879	2.2363336086273193
2961	-2.015953302383423	-2.1994171142578125	4.797027111053467
2962	0.5732686519622803	1.042294979095459	-2.2339911460876465
2963	-2.4084813594818115	-1.1928913593292236	4.3465681076049805
2964	-2.157304286956787	-2.0574798583984375	4.814097881317139
2965	-2.408881425857544	-1.7691247463226318	4.762404918670654
2966	-2.1517534255981445	-2.0741872787475586	4.77878999710083
2967	-2.5602238178253174	-1.5720783472061157	4.708061695098877
2968	-2.7550244331359863	2.1799564361572266	1.352342128753662
2969	-2.2052149772644043	-1.9621881246566772	4.817955017089844
2970	-2.201646089553833	-0.03335743770003319	2.796062707901001
2971	-2.276733875274658	2.5724196434020996	-0.009533652104437351
2972	-2.1466619968414307	-2.1008968353271484	4.814570903778076
2973	-2.0895824432373047	-2.0968518257141113	4.824565887451172
2974	-2.469183921813965	3.281008243560791	-0.46769869327545166
2975	-2.3833506107330322	-1.7417410612106323	4.720753192901611
2976	-2.1981160640716553	-0.04757974296808243	3.0357465744018555
2977	-2.083512544631958	3.08889102935791	-0.6132699251174927
2978	-1.8519527912139893	1.0536965131759644	1.4771877527236938
2979	-2.4816746711730957	-1.5561050176620483	4.66077184677124
2980	-1.8619015216827393	3.4333019256591797	-1.5722410678863525
2981	2.1708719730377197	0.35766157507896423	-3.346388816833496
2982	-1.9438713788986206	3.464456558227539	-1.6070845127105713
2983	-2.1301467418670654	-2.049736738204956	4.802789211273193
2984	-2.256652355194092	-1.971408724784851	4.814734935760498
2985	0.6188442707061768	-0.5272430777549744	-0.7803444862365723
2986	-2.2665653228759766	2.1516377925872803	0.07608726620674133
2987	2.143181324005127	0.5533594489097595	-3.516965866088867
2988	-2.1139214038848877	-2.0764946937561035	4.800934791564941
2989	2.1687254905700684	0.028773557394742966	-3.0829386711120605
2990	-2.8132364749908447	1.8973875045776367	1.6215406656265259
2991	2.161407470703125	0.5035958886146545	-3.3333637714385986
2992	1.9205493927001953	0.6736132502555847	-3.4584667682647705
2993	-2.19154691696167	-2.024305820465088	4.787508010864258
2994	-0.9813268184661865	2.9838919639587402	-2.2472610473632812
2995	-2.3293464183807373	-1.791342854499817	4.770266056060791
2996	-2.019301176071167	-2.201115608215332	4.79738187789917
2997	-2.511106252670288	2.917325019836426	-0.062100186944007874
2998	-1.7919554710388184	3.5229134559631348	-1.7981191873550415
2999	-2.6396515369415283	2.0358071327209473	1.4149160385131836
3000	-2.719421863555908	-1.2007814645767212	4.529192924499512
3001	-1.6726328134536743	0.8181605935096741	1.1080858707427979
3002	0.6813274621963501	-0.5943390727043152	-0.5610948204994202
3003	-2.6155667304992676	1.4383901357650757	1.7191886901855469
3004	-2.280385732650757	3.235102891921997	-0.5686755180358887
3005	-2.6403050422668457	-1.2570475339889526	4.599274158477783
3006	-2.227757692337036	-1.9393994808197021	4.811316013336182
3007	2.0841410160064697	0.07597333937883377	-2.9483304023742676
3008	-2.22871732711792	-1.9742807149887085	4.7605390548706055
3009	2.2126965522766113	0.35913047194480896	-3.3456344604492188
3010	-2.28324031829834	-1.931218147277832	4.781055927276611
3011	-1.6144269704818726	0.5841206908226013	1.4136652946472168
3012	2.0453600883483887	0.1292329877614975	-3.1362173557281494
3013	-1.9425522089004517	3.5078208446502686	-1.397565484046936
3014	-2.1179373264312744	-2.129721164703369	4.805522441864014
3015	-2.240805149078369	-1.9400595426559448	4.795380115509033
3016	-1.0359554290771484	0.17781679332256317	0.9991088509559631
3017	-2.261035442352295	-1.9377797842025757	4.773237705230713
3018	-0.058140650391578674	2.149688959121704	-2.7006664276123047
3019	-0.6553007364273071	-0.043760742992162704	0.5086491107940674
3020	-2.5428829193115234	0.0725846216082573	3.436406373977661
3021	-0.6858784556388855	-0.40340203046798706	1.2537704706192017
3022	-2.2863359451293945	-1.8349666595458984	4.786403179168701
3023	-2.926755905151367	0.9375280141830444	2.578786849975586
3024	-2.320587158203125	-1.8826420307159424	4.786248683929443
3025	-2.3267505168914795	-1.8835102319717407	4.768670558929443
3026	-2.4469757080078125	-1.5073696374893188	4.610158920288086
3027	1.5740851163864136	-0.09057372063398361	-2.172905921936035
3028	1.7326987981796265	0.7729948163032532	-3.39703631401062
3029	-2.354060411453247	-1.797982931137085	4.770015239715576
3030	-2.2707111835479736	-1.9493050575256348	4.782834053039551
3031	2.1526241302490234	0.29815125465393066	-3.282186269760132
3032	-1.912054181098938	3.4477009773254395	-1.4157215356826782
3033	-2.141064167022705	-2.096142053604126	4.789743900299072
3034	-2.0324275493621826	3.4997518062591553	-1.1401201486587524
3035	-2.2515311241149902	3.297605037689209	-0.8766882419586182
3036	0.7699835896492004	2.0346317291259766	-3.3469347953796387
3037	-2.200260877609253	-2.0038270950317383	4.818792819976807
3038	-2.297313928604126	-1.8789056539535522	4.777529239654541
3039	1.9003469944000244	0.30304616689682007	-2.956068515777588
3040	-2.2127890586853027	-2.0055723190307617	4.797563076019287
3041	-2.099851608276367	-2.087367057800293	4.794240951538086
3042	-2.569899082183838	-1.4444286823272705	4.66279411315918
3043	-2.303022861480713	-1.943477988243103	4.796879291534424
3044	-2.221754312515259	-1.9958620071411133	4.8147711753845215
3045	-2.3973095417022705	1.537656307220459	1.4805843830108643
3046	-3.050747871398926	0.25569862127304077	3.4809069633483887
3047	1.4723684787750244	1.351721167564392	-3.6114749908447266
3048	-2.451133966445923	-1.336735486984253	4.476939678192139
3049	-2.5345821380615234	-0.46248194575309753	3.6049094200134277
3050	-2.5058786869049072	-1.48018217086792	4.660967826843262
3051	-2.107076644897461	-2.1125192642211914	4.786786079406738
3052	-2.291020154953003	-1.9193817377090454	4.778388500213623
3053	-2.1321563720703125	-2.079387664794922	4.817594528198242
3054	-2.6714742183685303	-0.48392176628112793	3.8431296348571777
3055	-2.2864134311676025	-1.364526629447937	4.309072971343994
3056	-2.1554794311523438	-2.013941764831543	4.763611316680908
3057	-2.1403870582580566	-2.088078498840332	4.80615758895874
3058	-2.1726458072662354	-1.9994109869003296	4.794561386108398
3059	-1.8022115230560303	0.26380184292793274	1.9726974964141846
3060	-2.128852605819702	-2.0778720378875732	4.814052104949951
3061	2.0991299152374268	0.6222750544548035	-3.4826438426971436
3062	-2.090359687805176	3.3068273067474365	-0.7021377682685852
3063	-2.2379367351531982	-1.945286750793457	4.815695285797119
3064	-2.1621510982513428	-2.034590721130371	4.796491622924805
3065	-2.147977828979492	-1.966494083404541	4.752838611602783
3066	-2.0498220920562744	-2.141206979751587	4.781998634338379
3067	-2.187253952026367	-2.0367276668548584	4.784665584564209
3068	-2.099238872528076	-2.1187777519226074	4.808784484863281
3069	-2.3632824420928955	-1.792578935623169	4.755035877227783
3070	-2.3908448219299316	0.19593140482902527	2.8674707412719727
3071	2.213214159011841	-0.049131881445646286	-3.0295567512512207
3072	-2.1686654090881348	-2.0643067359924316	4.721034049987793
3073	2.0851759910583496	0.4930627644062042	-3.3328073024749756
3074	1.753467321395874	-0.2701706290245056	-2.369197130203247
3075	-2.3378164768218994	-1.872641682624817	4.7536702156066895
3076	2.1389718055725098	0.09601452946662903	-3.107008695602417
3077	0.7718261480331421	0.6390681862831116	-2.2202277183532715
3078	-1.59281587600708	3.212890863418579	-1.690917730331421
3079	-2.4578499794006348	-1.2317395210266113	4.422358989715576
3080	-2.1975882053375244	-2.0438380241394043	4.813606262207031
3081	-2.383574962615967	-1.8190816640853882	4.775086402893066
3082	-2.1088242530822754	0.236533060669899	2.5240769386291504
3083	2.06291127204895	0.30528926849365234	-3.2946949005126953
3084	-1.3885338306427002	2.830230712890625	-1.6411081552505493
3085	1.946626901626587	0.2939959764480591	-3.1708786487579346
3086	-2.8231916427612305	2.026538848876953	1.5760396718978882
3087	-2.239281415939331	-1.9459596872329712	4.793137073516846
3088	1.7339789867401123	0.41395843029022217	-3.004094123840332
3089	1.7979412078857422	0.7689307928085327	-3.2860190868377686
3090	2.181706666946411	0.11039277911186218	-3.2149369716644287
3091	-2.1887269020080566	-1.9886308908462524	4.801363945007324
3092	-2.150362730026245	-2.0175588130950928	4.785515785217285
3093	-2.245579242706299	-1.9711750745773315	4.7713799476623535
3094	1.8356870412826538	1.0787787437438965	-3.7231345176696777
3095	-2.384026288986206	-1.7808271646499634	4.7541327476501465
3096	2.2380919456481934	0.253744900226593	-3.2962234020233154
3097	-2.3823800086975098	-1.7483242750167847	4.773586273193359
3098	-2.588890552520752	-1.2926429510116577	4.598598480224609
3099	-1.8044090270996094	0.7019215822219849	1.6968352794647217
3100	-0.2594020366668701	-1.1643176078796387	1.2409989833831787
3101	-2.2958273887634277	-1.8369864225387573	4.772881984710693
3102	1.4665510654449463	0.42984068393707275	-2.5923073291778564
3103	-2.3824832439422607	-1.6660676002502441	4.731159687042236
3104	0.4892719089984894	-1.0668554306030273	-0.14200322329998016
3105	-2.494342088699341	-1.479978084564209	4.717056751251221
3106	-2.63391375541687	-1.2694206237792969	4.591457366943359
3107	-2.285817861557007	-1.8833401203155518	4.777087211608887
3108	0.9519190788269043	-0.11313652247190475	-1.3729372024536133
3109	-2.3632819652557373	-1.8537081480026245	4.754782199859619
3110	-1.365855097770691	-1.3220492601394653	2.3783116340637207
3111	-1.9002856016159058	3.33661150932312	-1.705919861793518
3112	-2.1538822650909424	-2.005629062652588	4.7945098876953125
3113	-2.1267685890197754	-2.1054611206054688	4.7712321281433105
3114	-2.5206377506256104	-1.560882568359375	4.706871509552002
3115	-2.2020554542541504	-2.0304365158081055	4.796809196472168
3116	-2.5422627925872803	0.6401301026344299	2.386188507080078
3117	0.2380112111568451	-0.5913421511650085	-0.08554739505052567
3118	2.1984853744506836	0.27345284819602966	-3.290753126144409
3119	-2.100433826446533	-2.1036908626556396	4.795521259307861
3120	-2.1617026329040527	-2.0470094680786133	4.797397136688232
3121	2.0833072662353516	0.3631556034088135	-3.3372817039489746
3122	-2.352142333984375	-1.8362221717834473	4.773119926452637
3123	-2.311323642730713	-1.7635900974273682	4.740676403045654
3124	-2.1945302486419678	-2.0178945064544678	4.807845115661621
3125	-2.4527971744537354	-1.701219081878662	4.745650768280029
3126	2.1092722415924072	0.3089171051979065	-3.2668986320495605
3127	-1.6248072385787964	3.1999175548553467	-1.6946487426757812
3128	-2.0563642978668213	0.7550216317176819	2.0526723861694336
3129	-2.5477118492126465	-1.3893624544143677	4.626215934753418
3130	-2.3043017387390137	-1.9045239686965942	4.776609420776367
3131	1.902722716331482	1.002730131149292	-3.586773157119751
3132	-2.2914445400238037	-1.9297125339508057	4.789717674255371
3133	-1.7423619031906128	2.9186301231384277	-1.01119863986969
3134	1.0407516956329346	-0.019067391753196716	-1.6311200857162476
3135	-2.175178289413452	-2.0515236854553223	4.794460773468018
3136	2.147427558898926	0.25184544920921326	-3.2503890991210938
3137	-2.2757012844085693	0.3596506118774414	2.767911672592163
3138	-2.722301483154297	-1.0539308786392212	4.492128849029541
3139	-0.6410728693008423	3.0590009689331055	-2.866631507873535
3140	-2.1815500259399414	-2.008957862854004	4.801229953765869
3141	-2.3096225261688232	-0.0007448900723829865	3.019256830215454
3142	-2.770585060119629	-0.7862666845321655	3.902315855026245
3143	-2.1281018257141113	1.3657755851745605	1.6245733499526978
3144	-2.204021692276001	-1.995869517326355	4.818803310394287
3145	1.6777456998825073	0.6202422380447388	-2.939192056655884
3146	1.9325408935546875	0.757525622844696	-3.5178284645080566
3147	-2.0827648639678955	-2.142949104309082	4.8030266761779785
3148	-2.211327314376831	-2.011974334716797	4.793879985809326
3149	-2.475687026977539	-0.13473333418369293	3.5549874305725098
3150	-2.495042324066162	-1.501221776008606	4.67104434967041
3151	-2.6042633056640625	-1.3900585174560547	4.651214599609375
3152	-2.7798595428466797	0.34563300013542175	3.209547758102417
3153	2.1501407623291016	0.4875147342681885	-3.350210189819336
3154	-2.611375331878662	-0.6241239905357361	4.099761486053467
3155	-1.996645450592041	-2.220301866531372	4.750106334686279
3156	-2.1581692695617676	-2.014683485031128	4.7734270095825195
3157	-1.3705801963806152	3.380769729614258	-1.941829800605774
3158	1.6944060325622559	-0.15000499784946442	-2.2635722160339355
3159	-2.1188201904296875	-2.1190361976623535	4.78312873840332
3160	-2.361415147781372	-1.6461044549942017	4.6668524742126465
3161	-2.116039991378784	0.5029542446136475	2.482783555984497
3162	-1.7174228429794312	0.4845498204231262	1.9753704071044922
3163	2.142113447189331	0.7650679349899292	-3.685117244720459
3164	1.7896637916564941	0.5986975431442261	-3.3369460105895996
3165	-2.1403493881225586	-2.034183979034424	4.7955169677734375
3166	1.6746914386749268	0.9048836827278137	-3.509864330291748
3167	-1.7001581192016602	0.20534999668598175	1.520269751548767
3168	-2.4588029384613037	-1.698764443397522	4.747546672821045
3169	-2.198293924331665	-1.9778813123703003	4.802695274353027
3170	-2.298567771911621	-1.8889697790145874	4.785315036773682
3171	2.1942028999328613	0.04251926764845848	-3.1182525157928467
3172	-1.956147313117981	0.7309290170669556	1.9910320043563843
3173	-2.4950931072235107	0.3096216320991516	3.1376450061798096
3174	-2.3621435165405273	-1.7755287885665894	4.770627975463867
3175	-2.329779624938965	-1.8077560663223267	4.761077880859375
3176	-2.107410430908203	-2.0628185272216797	4.797189235687256
3177	-2.1528398990631104	-2.050527811050415	4.818114280700684
3178	-2.169306755065918	3.011012554168701	-0.5269263982772827
3179	-2.3165760040283203	-1.8774735927581787	4.786454200744629
3180	-1.3462918996810913	0.3996225893497467	1.497302532196045
3181	-2.2353413105010986	-1.9138461351394653	4.760715484619141
3182	-2.11651611328125	-2.0837512016296387	4.7816009521484375
3183	-2.118378162384033	-2.120292901992798	4.805090427398682
3184	-2.124156951904297	-2.007322072982788	4.7470011711120605
3185	-1.5794973373413086	3.5865893363952637	-1.9789563417434692
3186	-2.096921443939209	-2.1463711261749268	4.814350128173828
3187	-1.534103512763977	2.0997817516326904	-0.8748510479927063
3188	-2.459381103515625	-1.6929491758346558	4.727264404296875
3189	-2.5504512786865234	0.2567720115184784	2.8134055137634277
3190	-2.1164071559906006	-2.0729246139526367	4.774385929107666
3191	-2.1694929599761963	-2.0041251182556152	4.793819904327393
3192	-2.49493408203125	-1.548322081565857	4.717090606689453
3193	-2.5382936000823975	0.9353494644165039	2.367443799972534
3194	-1.9038212299346924	2.382300853729248	-0.4180102050304413
3195	2.2482972145080566	0.15565307438373566	-3.228703260421753
3196	2.16164231300354	0.5615549683570862	-3.487093210220337
3197	-2.5713844299316406	-1.3753228187561035	4.585198402404785
3198	-2.234802484512329	-1.9949026107788086	4.7772626876831055
3199	-1.8276981115341187	3.575307846069336	-1.8197405338287354
3200	-2.8298113346099854	-0.517082154750824	4.087085247039795
3201	-2.245546817779541	-1.2523524761199951	4.225622653961182
3202	-2.214456796646118	-1.95612370967865	4.7849836349487305
3203	-2.3941216468811035	-1.7818742990493774	4.764595031738281
3204	-2.282719135284424	-1.908180594444275	4.762429237365723
3205	-2.281688928604126	0.26165899634361267	2.9329957962036133
3206	-2.2764182090759277	-1.8811144828796387	4.813229084014893
3207	-2.129512310028076	-2.09305739402771	4.801026344299316
3208	2.0622613430023193	0.27021706104278564	-3.220005989074707
3209	2.0494210720062256	0.4765324294567108	-3.1870923042297363
3210	-2.401068687438965	-1.7612512111663818	4.695083141326904
3211	-2.323646306991577	-1.8663603067398071	4.777692794799805
3212	-2.243062973022461	-1.4011058807373047	4.296615123748779
3213	2.2030797004699707	0.27980631589889526	-3.288862705230713
3214	-2.1504945755004883	-2.104633331298828	4.802749156951904
3215	-2.1752243041992188	-1.9926331043243408	4.788395404815674
3216	-2.343656301498413	-1.8019627332687378	4.760250091552734
3217	-2.2400736808776855	-1.9713643789291382	4.800825595855713
3218	-2.1421730518341064	-2.0561883449554443	4.8013200759887695
3219	-2.675436019897461	3.19873309135437	-0.1373382955789566
3220	-2.857759714126587	-0.5084728598594666	4.072320938110352
3221	-2.12896728515625	-2.0408477783203125	4.769794940948486
3222	1.9073253870010376	0.7395715713500977	-3.4154765605926514
3223	-2.3665308952331543	-1.7926931381225586	4.7500128746032715
3224	-0.8616349101066589	2.88679838180542	-2.505387783050537
3225	-2.1828887462615967	-2.0479369163513184	4.787537097930908
3226	-2.1120331287384033	-2.089463472366333	4.787630558013916
3227	-2.196547508239746	-2.0392906665802	4.804276943206787
3228	-0.5237805247306824	-0.5374850034713745	0.8065913915634155
3229	-2.741260528564453	-0.7218154072761536	4.249427318572998
3230	-1.7960631847381592	3.0347375869750977	-1.4380853176116943
3231	-2.090501308441162	-2.141801595687866	4.80580472946167
3232	-2.2275209426879883	-1.9820421934127808	4.799046516418457
3233	2.0406219959259033	0.502805769443512	-3.432757616043091
3234	-2.0339767932891846	-2.1786041259765625	4.80050802230835
3235	-2.118903636932373	-2.0968847274780273	4.798781394958496
3236	-2.186458110809326	-1.9428938627243042	4.774754047393799
3237	-2.5043108463287354	-1.604705572128296	4.724877834320068
3238	-2.2327969074249268	-1.9207419157028198	4.787506103515625
3239	-2.272923231124878	-1.865674614906311	4.787354946136475
3240	2.1840386390686035	0.45901715755462646	-3.3968186378479004
3241	-2.0574581623077393	-2.1569461822509766	4.794008731842041
3242	2.172025680541992	0.49375879764556885	-3.4376718997955322
3243	-2.7485690116882324	1.3773653507232666	2.234396457672119
3244	-2.2261147499084473	-1.9265815019607544	4.773664951324463
3245	-2.233548164367676	-1.9839717149734497	4.795722007751465
3246	-2.1832754611968994	-2.043200969696045	4.808213710784912
3247	-2.1258010864257812	-2.092719078063965	4.742862224578857
3248	1.7036694288253784	0.46129482984542847	-2.9638147354125977
3249	1.965742826461792	-0.12608277797698975	-2.7358357906341553
3250	2.1915290355682373	0.5000195503234863	-3.4781291484832764
3251	-2.097590684890747	-2.107412815093994	4.802093505859375
3252	-2.3561787605285645	-1.819175362586975	4.711519718170166
3253	-2.1405723094940186	-2.100605010986328	4.8044257164001465
3254	2.2977259159088135	0.12409138679504395	-3.2166268825531006
3255	2.1804988384246826	0.34864541888237	-3.3643999099731445
3256	1.1225956678390503	0.65242999792099	-2.5612058639526367
3257	1.0195335149765015	0.5036049485206604	-2.2149040699005127
3258	2.07863450050354	0.3893970251083374	-3.285330057144165
3259	-1.7031381130218506	3.3884499073028564	-1.6074936389923096
3260	2.080692768096924	0.3581511378288269	-3.3429360389709473
3261	0.6038236618041992	-0.33168476819992065	-0.7782756090164185
3262	-2.1365609169006348	-2.047320604324341	4.795658111572266
3263	-2.12900972366333	-0.3285840153694153	3.4181761741638184
3264	-2.7692837715148926	0.7664613723754883	2.714249610900879
3265	2.1925010681152344	0.41574394702911377	-3.3300094604492188
3266	-0.7552469372749329	-0.1911638081073761	0.5862061381340027
3267	1.7739126682281494	0.46979784965515137	-3.1798994541168213
3268	-2.298065185546875	0.9157307744026184	2.3496246337890625
3269	1.3385883569717407	1.354709267616272	-3.511575698852539
3270	-2.325134754180908	-1.885302186012268	4.746896266937256
3271	-2.2831811904907227	-0.4280516505241394	3.6574108600616455
3272	-1.9062795639038086	3.3519692420959473	-1.6325223445892334
3273	-2.212428569793701	-1.951290488243103	4.78322172164917
3274	-0.5237805247306824	-0.5374850034713745	0.8065913915634155
3275	-2.8169538974761963	-0.0010535899782553315	3.6612350940704346
3276	-2.705336570739746	-0.42758601903915405	3.8723902702331543
3277	-2.125840425491333	-2.0847678184509277	4.815673828125
3278	-1.2201588153839111	-0.06935493648052216	1.8909529447555542
3279	1.8347904682159424	0.5369204878807068	-3.1307287216186523
3280	-2.3814613819122314	-1.7859331369400024	4.762822151184082
3281	2.262850046157837	0.22551605105400085	-3.2389512062072754
3282	2.1212856769561768	0.414425253868103	-3.3627498149871826
3283	-2.156463384628296	-1.9781345129013062	4.788729190826416
3284	-1.872922658920288	2.848494529724121	-0.689568817615509
3285	-1.434542179107666	0.1302320957183838	1.5727165937423706
3286	-1.2877936363220215	0.09732665866613388	1.8814208507537842
3287	1.267621397972107	0.2255646139383316	-2.346012830734253
3288	-2.4700522422790527	-1.651706576347351	4.700249195098877
3289	-2.345167875289917	-1.8014320135116577	4.766809463500977
3290	-1.0265803337097168	0.11339729279279709	0.969965934753418
3291	-2.177170991897583	-2.0161428451538086	4.784304618835449
3292	-2.324869394302368	-1.889145016670227	4.790097713470459
3293	-2.1315951347351074	-2.086509943008423	4.803546905517578
3294	-2.633967876434326	-1.1873527765274048	4.506199359893799
3295	1.654876708984375	-0.033083055168390274	-2.400023937225342
3296	-2.6302852630615234	-1.1873286962509155	4.466066360473633
3297	-1.7048134803771973	0.1727912276983261	1.4760245084762573
3298	-1.7900736331939697	3.4274837970733643	-1.7670435905456543
3299	0.4398176968097687	-0.716805100440979	-0.28551605343818665
3300	-2.2096359729766846	-0.5514026284217834	3.539508819580078
3301	-0.9377589821815491	0.2268451601266861	0.754278838634491
3302	-1.6566200256347656	3.23891019821167	-1.832846760749817
3303	1.5846083164215088	0.057863906025886536	-2.2113699913024902
3304	2.1122632026672363	0.5045645833015442	-3.4684267044067383
3305	-2.081404685974121	0.7698632478713989	1.9916819334030151
3306	1.922882080078125	0.897051990032196	-3.6357200145721436
3307	-2.6625492572784424	0.4899645745754242	2.9230518341064453
3308	-2.48856258392334	-1.3864353895187378	4.622871398925781
3309	-2.0114426612854004	0.2843645215034485	2.3285446166992188
3310	-2.100433826446533	-2.1036908626556396	4.795521259307861
3311	2.1565089225769043	0.36136096715927124	-3.262220859527588
3312	-2.5451977252960205	2.490908145904541	0.8087820410728455
3313	1.8599268198013306	0.9595100283622742	-3.6060705184936523
3314	2.1884100437164307	0.31070250272750854	-3.3151495456695557
3315	-2.164926290512085	-2.0733516216278076	4.790007591247559
3316	2.097356081008911	0.5047208666801453	-3.453798770904541
3317	-2.2108511924743652	0.6823586821556091	2.1852614879608154
3318	1.9488120079040527	0.7423649430274963	-3.5936591625213623
3319	-1.7292001247406006	0.18663036823272705	2.1038570404052734
3320	-2.202343463897705	-2.0321152210235596	4.818981170654297
3321	-2.415191888809204	3.2725653648376465	-0.5173817873001099
3322	-2.4457104206085205	-1.6885253190994263	4.725963115692139
3323	-2.3060107231140137	-1.880911946296692	4.7889533042907715
3324	-2.628657341003418	-0.7427932620048523	4.17194128036499
3325	-2.1364734172821045	-2.069115400314331	4.7866291999816895
3326	2.188920736312866	0.013031605631113052	-3.082285165786743
3327	2.1293270587921143	0.38901248574256897	-3.324455738067627
3328	-2.207326650619507	-2.0182242393493652	4.802412033081055
3329	-2.410827875137329	-1.7350900173187256	4.728367805480957
3330	-2.108224391937256	-2.1232759952545166	4.817211627960205
3331	-2.206865072250366	-2.020049810409546	4.798181533813477
3332	-2.1731295585632324	-2.0245394706726074	4.805934906005859
3333	2.2865548133850098	0.17356477677822113	-3.293015480041504
3334	-2.1462621688842773	-2.039184808731079	4.813501834869385
3335	-2.1625096797943115	-2.0667977333068848	4.805993556976318
3336	2.074061870574951	0.8585075736045837	-3.6760523319244385
3337	0.4747323989868164	0.792829155921936	-1.9156543016433716
3338	-2.6353607177734375	-1.2968326807022095	4.618099212646484
3339	0.15800444781780243	2.735947608947754	-3.4362239837646484
3340	-2.1049110889434814	-2.1156537532806396	4.822273254394531
3341	-2.17167067527771	-2.0177040100097656	4.804590702056885
3342	-2.4618635177612305	-1.6856318712234497	4.740703105926514
3343	2.0289459228515625	0.6476691365242004	-3.4693758487701416
3344	1.9985170364379883	0.676995575428009	-3.55338716506958
3345	-2.5783519744873047	-0.8670181632041931	4.203176975250244
3346	-2.309908390045166	-1.8409425020217896	4.777921676635742
3347	-2.1248605251312256	-2.0526347160339355	4.799431800842285
3348	-2.1762444972991943	-2.0490496158599854	4.806533336639404
3349	-2.3525726795196533	-0.6787498593330383	3.2439143657684326
3350	-2.1519224643707275	-2.0929982662200928	4.7814106941223145
3351	2.1448776721954346	0.20381493866443634	-3.17576265335083
3352	1.7595731019973755	0.9989917874336243	-3.6154820919036865
3353	-2.5660414695739746	-1.1939524412155151	4.325734615325928
3354	1.115002989768982	-0.3387722373008728	-1.3775631189346313
3355	-2.494105339050293	3.1592676639556885	-0.1487695425748825
3356	-2.21584153175354	-1.9182707071304321	4.778796672821045
3357	-2.613010883331299	-0.681111216545105	4.050344467163086
3358	-2.2155957221984863	-2.0122334957122803	4.789059638977051
3359	-2.3033249378204346	-1.6863617897033691	4.623208522796631
3360	-1.8192520141601562	3.3886139392852783	-1.5905429124832153
3361	1.5509802103042603	0.3690989017486572	-2.746147871017456
3362	-2.2690913677215576	-1.9343434572219849	4.787731170654297
3363	-2.138303756713867	-2.057770013809204	4.769261837005615
3364	-2.2855348587036133	-1.9561644792556763	4.805801868438721
3365	-2.188516855239868	-2.0568957328796387	4.8036088943481445
3366	2.1411521434783936	0.0627458319067955	-2.9860613346099854
3367	-2.1406331062316895	-2.0706896781921387	4.799323081970215
3368	-2.2227325439453125	-1.9449023008346558	4.7825798988342285
3369	1.1353815793991089	-0.11605893075466156	-1.7957851886749268
3370	-2.0167043209075928	-2.1165342330932617	4.732711315155029
3371	2.1625454425811768	0.22167158126831055	-3.1155550479888916
3372	-3.01163649559021	1.5603275299072266	1.8159924745559692
3373	1.886091947555542	0.36206626892089844	-2.864758014678955
3374	-2.2091174125671387	-1.9418648481369019	4.7529096603393555
3375	-2.1495566368103027	-2.0644583702087402	4.77814245223999
3376	-2.367971897125244	-1.692036747932434	4.765625
3377	-2.1471657752990723	-2.091562032699585	4.800628662109375
3378	-2.23903489112854	-1.9943994283676147	4.777555465698242
3379	0.6725633144378662	-0.6445625424385071	-0.519245982170105
3380	1.1534276008605957	-0.09996674209833145	-1.7880548238754272
3381	-2.77132248878479	-0.037500083446502686	3.380582332611084
3382	-2.2500510215759277	-1.9654372930526733	4.821514129638672
3383	-2.2556686401367188	0.5042112469673157	2.4293627738952637
3384	1.6164062023162842	0.3769735097885132	-2.736853837966919
3385	-0.9744439721107483	1.1038633584976196	-0.03871007263660431
3386	-2.465226411819458	-1.5625368356704712	4.686394214630127
3387	-2.3617351055145264	-1.7615822553634644	4.745563983917236
3388	-2.146578788757324	-2.098487138748169	4.805912971496582
3389	-2.5907652378082275	-1.4338316917419434	4.676768779754639
3390	-2.662630319595337	-1.3734275102615356	4.586927890777588
3391	-2.345745325088501	-1.8353766202926636	4.796482086181641
3392	-2.216219902038574	-2.024247407913208	4.802890300750732
3393	-2.0297858715057373	-2.209057331085205	4.7818403244018555
3394	-2.548387050628662	-0.8871628046035767	4.218196868896484
3395	-2.4004263877868652	-1.7016512155532837	4.741877555847168
3396	-2.316903829574585	-1.856985330581665	4.795201301574707
3397	-2.185962677001953	-2.018479347229004	4.70576810836792
3398	-2.293546199798584	-1.8565007448196411	4.786786079406738
3399	-2.7971408367156982	-0.6960000991821289	4.089106559753418
3400	-1.9458476305007935	0.6786205768585205	1.9856430292129517
3401	0.654793918132782	-0.6152743101119995	-0.6607916951179504
3402	-1.9272968769073486	3.6371891498565674	-1.7261521816253662
3403	0.6173596978187561	2.144228458404541	-3.265254259109497
3404	-2.417300224304199	0.22339726984500885	3.081058979034424
3405	-2.1948769092559814	-2.021066904067993	4.8129377365112305
3406	-2.3395590782165527	-1.8504410982131958	4.7788004875183105
3407	-2.079104423522949	-2.1300454139709473	4.805698394775391
3408	-2.1186022758483887	-2.107957124710083	4.7977824211120605
3409	-2.151538372039795	-2.0769197940826416	4.788898944854736
3410	-2.3630917072296143	2.5585920810699463	-0.0610031858086586
3411	-2.21954607963562	-1.9683939218521118	4.798741340637207
3412	-2.6792304515838623	-0.6497902870178223	4.150905609130859
3413	-1.0794405937194824	0.014751818031072617	1.2345225811004639
3414	-2.1300859451293945	-2.0760209560394287	4.816705703735352
3415	1.9306327104568481	-0.30733972787857056	-2.6052768230438232
3416	1.7793188095092773	0.15799416601657867	-2.6378257274627686
3417	-2.6291861534118652	-1.3489090204238892	4.646130561828613
3418	-0.35103845596313477	2.481320381164551	-2.7679646015167236
3419	-0.9473679065704346	3.424220085144043	-2.6980199813842773
3420	2.1523845195770264	0.18466004729270935	-3.2450292110443115
3421	-2.3119957447052	-1.858180046081543	4.77635383605957
3422	-2.4475014209747314	-1.660029411315918	4.7071213722229
3423	-2.3812899589538574	0.1670338362455368	3.123417854309082
3424	-2.0885202884674072	-2.1254520416259766	4.800929546356201
3425	-2.1232082843780518	-2.129786968231201	4.786762714385986
3426	2.2249341011047363	0.42643406987190247	-3.447662353515625
3427	-2.6113407611846924	-1.3847726583480835	4.627353668212891
3428	-2.287935256958008	-1.9116723537445068	4.804282188415527
3429	-2.1788713932037354	-2.0536949634552	4.810178279876709
3430	-2.3061137199401855	-1.895959734916687	4.789890766143799
3431	1.9856027364730835	0.3859952688217163	-3.224168539047241
3432	-2.0415353775024414	1.7203501462936401	0.6572335958480835
3433	-2.5820422172546387	0.20437301695346832	3.0701699256896973
3434	-2.1923635005950928	-1.9744930267333984	4.785637378692627
3435	-2.3707375526428223	-1.7912119626998901	4.780057907104492
3436	2.0541586875915527	0.5753914713859558	-3.4778590202331543
3437	-1.9705506563186646	0.786572277545929	1.9117872714996338
3438	-2.13649320602417	-2.101269245147705	4.7977118492126465
3439	2.031824827194214	0.7646860480308533	-3.555410861968994
3440	-1.3309438228607178	-0.008265547454357147	1.5135254859924316
3441	-2.2826128005981445	-1.9307606220245361	4.7969441413879395
3442	-2.4617855548858643	-0.48761454224586487	3.8154385089874268
3443	1.8710447549819946	0.04001966491341591	-2.6610708236694336
3444	1.5107916593551636	0.8035152554512024	-3.2502338886260986
3445	-2.156700611114502	-2.042816162109375	4.808669567108154
3446	-1.9492045640945435	0.11006169766187668	2.4284510612487793
3447	-2.557086944580078	0.10278505831956863	3.3142504692077637
3448	-2.0061256885528564	-2.2124109268188477	4.8000054359436035
3449	-2.7418782711029053	-0.97744220495224	4.44666051864624
3450	-1.8532681465148926	-0.1382090300321579	2.7616519927978516
3451	-2.171994686126709	-2.052259683609009	4.790805339813232
3452	-2.5216870307922363	-0.8505890965461731	3.9809834957122803
3453	2.0381898880004883	0.25268858671188354	-3.147794246673584
3454	-1.769441843032837	-0.2642333507537842	2.836254835128784
3455	-1.223351001739502	3.1775548458099365	-2.381978750228882
3456	-2.1832308769226074	-2.0256357192993164	4.823429584503174
3457	-1.6452137231826782	-0.08360457420349121	2.329193115234375
3458	-2.0951664447784424	-2.1058833599090576	4.788384914398193
3459	-2.239121437072754	-1.9560116529464722	4.790614604949951
3460	-2.2205519676208496	0.5905932784080505	2.3299121856689453
3461	-2.2180516719818115	-0.7856673002243042	3.8981785774230957
3462	2.111588478088379	0.6093000173568726	-3.397526741027832
3463	-2.450336217880249	-1.4544479846954346	4.586014270782471
3464	-2.5292201042175293	-1.4936507940292358	4.650430679321289
3465	-1.8678255081176758	0.5001142621040344	1.9013441801071167
3466	-2.0910394191741943	-2.124138355255127	4.779624938964844
3467	-1.973413348197937	1.2157763242721558	1.3872103691101074
3468	-2.148773193359375	-2.0162644386291504	4.782004356384277
3469	-1.8572077751159668	1.6754359006881714	0.5818971991539001
3470	1.0213005542755127	1.6318105459213257	-3.303234815597534
3471	-2.335700035095215	-1.779384970664978	4.678463459014893
3472	-0.4856821298599243	-0.10862664133310318	0.23280389606952667
3473	-0.37885087728500366	3.1482834815979004	-2.9875893592834473
3474	2.1495249271392822	0.49073660373687744	-3.4313883781433105
3475	-2.436065673828125	-1.6380535364151	4.696310520172119
3476	2.0321671962738037	-0.06329116970300674	-2.7747058868408203
3477	1.8246147632598877	0.4201735258102417	-3.1807849407196045
3478	-2.1544370651245117	-2.0587735176086426	4.7972307205200195
3479	1.8840769529342651	0.6396664977073669	-3.3560421466827393
3480	-2.4326508045196533	-1.7136975526809692	4.777700424194336
3481	-2.6134181022644043	-0.8307417035102844	4.121462821960449
3482	-2.4527971744537354	-1.701219081878662	4.745650768280029
3483	0.6924551129341125	1.8822952508926392	-3.290046215057373
3484	-2.195894956588745	-2.041375160217285	4.811619758605957
3485	-2.618698835372925	-1.2683395147323608	4.544878959655762
3486	-2.250908613204956	1.3236106634140015	1.5948725938796997
3487	2.0896592140197754	0.41541510820388794	-3.377748489379883
3488	-1.140919804573059	-0.32707449793815613	1.6090835332870483
3489	-2.097585439682007	-2.0797643661499023	4.796929359436035
3490	-2.27498459815979	0.1997987926006317	3.0342628955841064
3491	-0.2913414239883423	2.923007011413574	-2.992426633834839
3492	-2.3443262577056885	-1.813671588897705	4.774894714355469
3493	-2.088927984237671	-2.128636121749878	4.797119617462158
3494	-2.2863929271698	-1.9383513927459717	4.793178558349609
3495	-1.365363597869873	-0.32976794242858887	2.0963737964630127
3496	1.4140688180923462	1.0864182710647583	-3.3385586738586426
3497	-2.120614767074585	-2.0730631351470947	4.781181335449219
3498	1.8423094749450684	0.8181831240653992	-3.523862361907959
3499	-2.1276655197143555	-2.0910515785217285	4.825040817260742
3500	-2.1429970264434814	3.646226644515991	-1.2243266105651855
3501	2.0718936920166016	0.4172894358634949	-3.2437334060668945
3502	2.1934447288513184	0.08158175647258759	-3.141594648361206
3503	-0.48207545280456543	2.19956374168396	-2.3658430576324463
3504	-2.043210029602051	0.8091949820518494	2.0213840007781982
3505	0.3844195604324341	1.3346928358078003	-2.309981346130371
3506	-1.4258296489715576	0.15233999490737915	1.740232229232788
3507	-2.3953332901000977	-1.7614237070083618	4.770500659942627
3508	-2.2675187587738037	-0.19320864975452423	2.6478216648101807
3509	-1.8975632190704346	0.7599445581436157	1.8466848134994507
3510	-2.406223773956299	-1.5651171207427979	4.6292219161987305
3511	-2.762355327606201	-1.1182293891906738	4.500252723693848
3512	1.9531469345092773	0.20729787647724152	-3.110929250717163
3513	-2.240039825439453	-1.8922852277755737	4.7874016761779785
3514	-2.1475229263305664	-2.072078227996826	4.792616844177246
3515	2.1773698329925537	0.3408217430114746	-3.2910048961639404
3516	-2.125187873840332	-2.10689115524292	4.783705234527588
3517	-2.2451155185699463	-1.8994182348251343	4.76499605178833
3518	-1.7241934537887573	3.475268840789795	-1.3931701183319092
3519	-2.0913665294647217	0.13396582007408142	2.0844388008117676
3520	1.951630711555481	0.4079913794994354	-3.28796124458313
3521	-2.101130485534668	-2.126662254333496	4.8158860206604
3522	-2.7990071773529053	2.049569606781006	1.2116131782531738
3523	-0.00588352931663394	1.411184310913086	-2.0867207050323486
3524	-1.7640416622161865	2.958704710006714	-0.7457540035247803
3525	2.0283050537109375	0.6319332122802734	-3.513042449951172
3526	-2.20680832862854	-2.0317671298980713	4.757045269012451
3527	1.9458588361740112	0.403152197599411	-3.2291650772094727
3528	-0.059845708310604095	-1.1509541273117065	1.0601295232772827
3529	-2.2563817501068115	-1.917481541633606	4.774567604064941
3530	-2.6518495082855225	1.280460238456726	2.038508892059326
3531	-2.4994866847991943	-1.623947262763977	4.7076520919799805
3532	2.152170181274414	0.43985795974731445	-3.3413102626800537
3533	1.7076526880264282	1.1755698919296265	-3.6029112339019775
3534	-2.015134572982788	0.050941113382577896	2.7398316860198975
3535	-2.468194007873535	-1.3638066053390503	4.468459129333496
3536	1.9995250701904297	0.6032138466835022	-3.37024188041687
3537	-2.210308313369751	0.1963830143213272	2.8136978149414062
3538	-2.84433650970459	1.6919283866882324	1.9849634170532227
3539	1.848791480064392	0.7681528329849243	-3.4555859565734863
3540	0.6756991744041443	2.0880179405212402	-3.455115556716919
3541	-1.0056027173995972	-0.10973691940307617	1.049613356590271
3542	-2.2943973541259766	-1.9110634326934814	4.784673690795898
3543	2.073779344558716	0.42190414667129517	-3.374382972717285
3544	-2.6919336318969727	-0.9977352023124695	4.361464977264404
3545	-2.150982141494751	-2.0331380367279053	4.800783157348633
3546	-2.144395351409912	-2.0859460830688477	4.80410623550415
3547	-2.1237099170684814	-2.0499677658081055	4.776552200317383
3548	1.0257153511047363	-0.3093460500240326	-1.2046500444412231
3549	-2.3507726192474365	-1.7733017206192017	4.722423553466797
3550	-1.6230125427246094	1.5260831117630005	0.28248342871665955
3551	-1.7328613996505737	3.4694125652313232	-1.842657446861267
3552	-1.798393726348877	0.12190144509077072	2.4074981212615967
3553	1.7566235065460205	0.7914833426475525	-3.2265195846557617
3554	-2.9806101322174072	0.19259904325008392	3.5745389461517334
3555	-2.222411632537842	-2.009281635284424	4.809228897094727
3556	-2.1795454025268555	-2.057570457458496	4.787113666534424
3557	-2.773776054382324	-0.4902024269104004	4.088690757751465
3558	2.0761935710906982	0.27760931849479675	-3.268587827682495
3559	-2.0821709632873535	-2.1188554763793945	4.783400535583496
3560	-2.197122097015381	-2.024468421936035	4.798220634460449
3561	2.042742967605591	0.650131344795227	-3.571781635284424
3562	-2.3311116695404053	-1.8524113893508911	4.789446830749512
3563	-2.4718172550201416	2.567500352859497	0.6747618317604065
3564	-3.0411829948425293	1.8175671100616455	1.7174527645111084
3565	-1.668332576751709	0.7246232628822327	1.4702773094177246
3566	-2.2645840644836426	-1.956571102142334	4.785384654998779
3567	1.8449634313583374	0.22240117192268372	-2.990905523300171
3568	-2.2936763763427734	-1.8616098165512085	4.788768291473389
3569	-2.079472064971924	-2.113795518875122	4.801222801208496
3570	2.173363447189331	0.35357964038848877	-3.297386407852173
3571	-2.0782344341278076	-2.1409640312194824	4.798162937164307
3572	-2.4618635177612305	-1.6856318712234497	4.740703105926514
3573	-2.168713331222534	-2.0562517642974854	4.78188419342041
3574	-1.5125237703323364	0.39703407883644104	1.447661280632019
3575	-2.4488089084625244	-1.6322163343429565	4.725192546844482
3576	1.4222595691680908	1.4484193325042725	-3.5722713470458984
3577	-2.2980756759643555	-1.887860894203186	4.771744251251221
3578	-2.359281539916992	-1.6688166856765747	4.66774320602417
3579	-2.1140434741973877	0.9040573239326477	1.8263695240020752
3580	-2.272610902786255	-0.5811359286308289	3.742159128189087
3581	-2.4247119426727295	0.35576969385147095	2.980886697769165
3582	-0.9601026773452759	0.0663672611117363	0.9328723549842834
3583	-2.041666269302368	-2.1342475414276123	4.702737808227539
3584	-2.3221492767333984	-1.8553134202957153	4.778794765472412
3585	-2.2450554370880127	-2.0053319931030273	4.766770839691162
3586	-1.9716174602508545	1.078437328338623	1.1115835905075073
3587	-2.430408000946045	-0.7393457293510437	3.8507184982299805
3588	-2.1964337825775146	-2.0152273178100586	4.82363748550415
3589	1.0444501638412476	1.9969538450241089	-3.6501333713531494
3590	-2.5848217010498047	-1.2777925729751587	4.524734020233154
3591	-2.8102855682373047	-0.343051016330719	3.9879190921783447
3592	-2.2418911457061768	-1.9746850728988647	4.763025760650635
3593	-2.1022160053253174	-2.132331371307373	4.814097881317139
3594	-2.50921368598938	-0.8837832808494568	3.9397456645965576
3595	-1.64239501953125	3.0549871921539307	-1.5070148706436157
3596	-2.589583158493042	1.5791652202606201	1.4213424921035767
3597	-2.3591816425323486	-1.791018009185791	4.784158706665039
3598	-2.2143173217773438	-0.15306150913238525	3.090299129486084
3599	2.1755850315093994	0.39033207297325134	-3.3745276927948
3600	-1.5070557594299316	-0.14754986763000488	2.292311429977417
3601	-2.327869176864624	-1.8834220170974731	4.775827407836914
3602	-2.366856336593628	-1.819720983505249	4.800490856170654
3603	-2.1773788928985596	-2.031174898147583	4.800663948059082
3604	2.052983522415161	0.2811400890350342	-3.220726490020752
3605	2.225698947906494	0.11652394384145737	-3.1068708896636963
3606	-2.749110221862793	-0.9574452638626099	4.421031951904297
3607	1.6518391370773315	0.8156917095184326	-3.379418134689331
3608	2.0908761024475098	0.18956588208675385	-2.997880458831787
3609	-2.30116605758667	0.35307666659355164	2.333261251449585
3610	1.3964433670043945	1.5350815057754517	-3.687290906906128
3611	-2.2993361949920654	-1.8973790407180786	4.787773132324219
3612	-0.7639718055725098	-0.9346100091934204	1.4100068807601929
3613	-1.7246975898742676	3.553551197052002	-1.9715156555175781
3614	2.193145275115967	0.3457159399986267	-3.2630650997161865
3615	-2.61002779006958	-1.3217436075210571	4.631529331207275
3616	-1.7446465492248535	0.009768012911081314	1.8349461555480957
3617	1.395238995552063	0.4657250642776489	-2.6724371910095215
3618	-2.5170183181762695	0.9849380850791931	2.3515446186065674
3619	-2.314375400543213	-1.6556127071380615	4.586801528930664
3620	-2.12686824798584	-2.0348281860351562	4.788978099822998
3621	-2.428417921066284	1.0050089359283447	2.483767509460449
3622	-2.5196197032928467	-1.4816313982009888	4.637580871582031
3623	-2.272160768508911	-1.9246290922164917	4.804872035980225
3624	-1.119932770729065	3.3776423931121826	-2.587327241897583
3625	-1.9452277421951294	-2.145172357559204	4.715867042541504
3626	-2.3816909790039062	-1.7390024662017822	4.764619827270508
3627	-2.0810129642486572	-2.1392462253570557	4.798425674438477
3628	-2.267831563949585	-1.9422575235366821	4.79455041885376
3629	-2.1275391578674316	-2.0800867080688477	4.809633731842041
3630	2.166229486465454	0.3201037049293518	-3.3449041843414307
3631	-0.9559006690979004	2.9864678382873535	-2.284588098526001
3632	-1.9705506563186646	0.786572277545929	1.9117872714996338
3633	-2.6139590740203857	-0.4064885377883911	3.6124889850616455
3634	-2.3187806606292725	-1.888429045677185	4.764211654663086
3635	-2.3864383697509766	-1.7835716009140015	4.767620086669922
3636	1.1066596508026123	-0.22218944132328033	-1.6751266717910767
3637	-1.9705506563186646	0.786572277545929	1.9117872714996338
3638	-0.8033170104026794	-0.6219527125358582	1.341246247291565
3639	-2.1590588092803955	-1.9966663122177124	4.770699977874756
3640	-2.323462724685669	-1.8111968040466309	4.794493675231934
3641	-2.1196627616882324	-2.0756378173828125	4.789546012878418
3642	-2.284334897994995	0.5076813101768494	2.477201461791992
3643	-2.3015472888946533	-1.6709966659545898	4.603410720825195
3644	-2.357893943786621	-1.850772738456726	4.765799045562744
3645	-2.59209942817688	-1.3730255365371704	4.60845422744751
3646	1.0913927555084229	1.4735760688781738	-3.3768601417541504
3647	-1.0687766075134277	3.149158000946045	-2.0562877655029297
3648	-2.3722774982452393	-1.7727420330047607	4.766650676727295
3649	-1.955891489982605	-2.2544541358947754	4.785372257232666
3650	0.3729042112827301	2.296198844909668	-3.132671594619751
3651	-2.5464282035827637	1.1353076696395874	2.0855329036712646
3652	-2.301239013671875	1.4977046251296997	1.5542991161346436
3653	-2.3504574298858643	-1.8148144483566284	4.781528472900391
3654	-0.3545302152633667	0.7080726623535156	-0.7635948061943054
3655	-2.3780717849731445	-1.765415906906128	4.739043712615967
3656	-2.478781223297119	0.8057841062545776	2.3555314540863037
3657	-2.2196786403656006	-1.932651400566101	4.794013977050781
3658	-2.7734663486480713	-0.5740929245948792	3.5367531776428223
3659	-2.18900203704834	-1.9132153987884521	4.7514753341674805
3660	-2.0919928550720215	-2.106431245803833	4.79739236831665
3661	1.9085264205932617	0.8216518759727478	-3.5261502265930176
3662	-2.14109206199646	-1.9810028076171875	4.742743968963623
3663	-2.491205930709839	-1.6082971096038818	4.72689962387085
3664	-2.4996020793914795	-0.7926136255264282	4.152442932128906
3665	2.134557008743286	0.33928853273391724	-3.2891952991485596
3666	-2.322510004043579	2.347005844116211	0.6786316633224487
3667	1.9744819402694702	-0.05014212056994438	-2.859370708465576
3668	-2.3648922443389893	2.7943525314331055	-0.09513929486274719
3669	1.8516041040420532	0.5615269541740417	-3.146620988845825
3670	-2.4761128425598145	-0.5366489291191101	3.9387574195861816
3671	-2.299571990966797	-1.90007483959198	4.80476713180542
3672	-2.177027702331543	-2.04093074798584	4.794186115264893
3673	-2.19193959236145	-2.0328855514526367	4.822735786437988
3674	1.942844271659851	0.7539322972297668	-3.522679567337036
3675	-2.413407325744629	-1.7714769840240479	4.7066216468811035
3676	-0.18857483565807343	2.4095935821533203	-2.7463021278381348
3677	-2.343590021133423	1.0307011604309082	2.134458541870117
3678	-2.122697353363037	-2.0708019733428955	4.794173717498779
3679	2.0715725421905518	0.7054136991500854	-3.5338196754455566
3680	-2.2137110233306885	-1.9709643125534058	4.792388439178467
3681	1.7739920616149902	0.9489206075668335	-3.59539532661438
3682	-2.4170637130737305	-0.17954836785793304	3.4307444095611572
3683	-2.2300591468811035	-1.994256615638733	4.821031093597412
3684	-2.1054470539093018	-2.114813804626465	4.820394515991211
3685	-2.7393672466278076	-1.0230839252471924	4.491306304931641
3686	-2.6938867568969727	-1.2142152786254883	4.5022735595703125
3687	-2.534412384033203	2.367304563522339	1.009421467781067
3688	-2.4429736137390137	-1.4615899324417114	4.556669235229492
3689	-2.177375078201294	1.2359451055526733	1.4396722316741943
3690	-2.4424281120300293	-1.6890748739242554	4.772320747375488
3691	1.9081977605819702	0.4803788661956787	-3.205770969390869
3692	-1.2897579669952393	2.9303646087646484	-1.8490879535675049
3693	-2.380277633666992	-1.6814937591552734	4.721360206604004
3694	-1.7869484424591064	0.11742622405290604	2.4163811206817627
3695	1.9694563150405884	0.718669056892395	-3.473653554916382
3696	-2.3447837829589844	-1.814056634902954	4.779860019683838
3697	-2.321918487548828	3.0255959033966064	-0.3595905005931854
3698	-1.0536454916000366	-0.08612395823001862	1.1801584959030151
3699	-2.092996835708618	-2.0044679641723633	4.771249771118164
3700	2.1770098209381104	0.357616126537323	-3.2792439460754395
3701	-2.333475351333618	-1.8526281118392944	4.770817279815674
3702	-2.6098239421844482	-0.9595510363578796	4.233612537384033
3703	-2.48236346244812	0.6929943561553955	2.4002275466918945
3704	-2.124652862548828	-2.0744309425354004	4.805721759796143
3705	-2.079007863998413	-2.125192403793335	4.811180114746094
3706	-2.257357597351074	-1.8935045003890991	4.771424770355225
3707	-2.078665018081665	-2.070807933807373	4.797143459320068
3708	2.148174285888672	-0.051379863172769547	-3.0137929916381836
3709	-1.4663258790969849	0.43837693333625793	1.4863078594207764
3710	-2.691237211227417	2.5413386821746826	0.8698516488075256
3711	-2.5382485389709473	0.6953245997428894	2.431185007095337
3712	1.4992707967758179	0.8108615279197693	-3.051758050918579
3713	-2.5135626792907715	-0.04001643881201744	3.2385060787200928
3714	-2.560091018676758	-0.9863717555999756	4.2500410079956055
3715	-0.4493045508861542	2.6455111503601074	-2.734062671661377
3716	-0.3067920207977295	-1.2112189531326294	1.2969512939453125
3717	2.080643892288208	0.815229594707489	-3.6478703022003174
3718	1.9683715105056763	0.3373749256134033	-3.1037204265594482
3719	-2.296252727508545	0.11739729344844818	3.1140785217285156
3720	2.1138429641723633	0.5106289982795715	-3.439629077911377
3721	-2.188359260559082	-1.9982932806015015	4.796250343322754
3722	-2.3552865982055664	-1.5292435884475708	4.587223052978516
3723	-2.014803409576416	0.43219172954559326	2.419194459915161
3724	1.5604017972946167	-0.2838681936264038	-2.086519479751587
3725	-2.474576473236084	-1.6761541366577148	4.7365312576293945
3726	-1.8572803735733032	0.5632321834564209	1.8973034620285034
3727	-0.6726533770561218	-0.1407090276479721	0.6255724430084229
3728	-2.254646062850952	-1.9475102424621582	4.7795023918151855
3729	-2.098975896835327	-0.13337045907974243	3.1162383556365967
3730	-2.2857868671417236	-1.9641549587249756	4.77793025970459
3731	-2.092789649963379	-2.149813652038574	4.78762674331665
3732	0.16929170489311218	2.6060214042663574	-3.2249889373779297
3733	-2.115238904953003	-2.106058359146118	4.815870761871338
3734	-2.190788507461548	-2.035362720489502	4.763982772827148
3735	1.226176381111145	-0.41556328535079956	-1.498922348022461
3736	2.0405402183532715	0.012109097093343735	-2.7602696418762207
3737	1.9831355810165405	0.5788809657096863	-3.4342567920684814
3738	-2.8051817417144775	1.9070466756820679	1.7847543954849243
3739	1.4709670543670654	1.1880325078964233	-3.3954524993896484
3740	2.0683934688568115	0.4685139060020447	-3.425898790359497
3741	-2.3110382556915283	-1.8285030126571655	4.778743267059326
3742	-2.4899020195007324	-1.5951067209243774	4.733011722564697
3743	2.0074965953826904	0.4636687636375427	-3.2837886810302734
3744	2.1825709342956543	0.43082961440086365	-3.4117445945739746
3745	-0.35957449674606323	-0.20555852353572845	0.3437221944332123
3746	-2.301769495010376	-1.9121782779693604	4.782102584838867
3747	1.1456174850463867	1.3192423582077026	-3.3297195434570312
3748	-2.230520725250244	0.40205368399620056	2.414435386657715
3749	-2.2130863666534424	-2.0273308753967285	4.812057018280029
3750	2.205948829650879	0.4685802459716797	-3.424828052520752
3751	1.9050718545913696	0.5898597240447998	-3.297217607498169
3752	-2.179267406463623	-2.0300381183624268	4.80738639831543
3753	-2.218657970428467	-1.9166959524154663	4.712104797363281
3754	2.0796473026275635	0.3053126335144043	-3.2416744232177734
3755	-2.151266574859619	-2.04209041595459	4.787543773651123
3756	-2.6055665016174316	1.489367961883545	1.6339460611343384
3757	-2.1861989498138428	-1.8883757591247559	4.731020450592041
3758	1.9038918018341064	0.0976104661822319	-2.8532729148864746
3759	-2.1766767501831055	-2.043590784072876	4.8115973472595215
3760	-2.195946216583252	-1.9860048294067383	4.790520191192627
3761	-1.7292001247406006	0.18663036823272705	2.1038570404052734
3762	2.1811652183532715	0.31026774644851685	-3.340472459793091
3763	-1.3001002073287964	0.23106244206428528	1.5023561716079712
3764	-2.054992437362671	-2.1315853595733643	4.7124552726745605
3765	-2.2880477905273438	-1.927138090133667	4.784655570983887
3766	-2.5462708473205566	-1.1508766412734985	4.314947605133057
3767	-2.599210739135742	-0.03566957637667656	3.471289873123169
3768	-2.431994915008545	0.5704679489135742	2.4146273136138916
3769	-1.8185590505599976	3.130445957183838	-1.0691920518875122
3770	-2.2131664752960205	-1.9842973947525024	4.78719425201416
3771	-2.2864654064178467	-1.9209283590316772	4.796082973480225
3772	-2.3859305381774902	-1.7778273820877075	4.626864910125732
3773	-0.5177084803581238	-1.1710244417190552	1.3757373094558716
3774	-2.345256805419922	-1.845075011253357	4.763989448547363
3775	-2.2663161754608154	2.5569396018981934	0.2921311557292938
3776	-0.5954163670539856	-0.2587544023990631	0.5954839587211609
3777	-2.103503704071045	3.43446946144104	-1.225754737854004
3778	-2.6280717849731445	-0.9222638010978699	4.281888484954834
3779	-2.18066143989563	-2.0201916694641113	4.802122592926025
3780	-2.2735354900360107	3.062565565109253	-0.20092864334583282
3781	-2.632486343383789	-0.4091128706932068	3.7364048957824707
3782	-2.2721502780914307	-1.5827827453613281	4.530208587646484
3783	-2.137336492538452	-2.0787224769592285	4.800695419311523
3784	-2.6641530990600586	-1.2817027568817139	4.598944187164307
3785	-2.4905588626861572	-1.5726977586746216	4.676118850708008
3786	-2.380289077758789	-0.5140290260314941	3.4257357120513916
3787	-0.41414496302604675	2.0665552616119385	-1.9829442501068115
3788	0.9942911267280579	0.3420984148979187	-2.02760648727417
3789	-2.3398685455322266	3.4721577167510986	-0.9396183490753174
3790	-1.8995496034622192	-0.34082329273223877	2.6555063724517822
3791	-2.5001373291015625	-1.6078693866729736	4.694657325744629
3792	-2.3554558753967285	-1.8136569261550903	4.788249492645264
3793	-2.2861313819885254	-1.9092992544174194	4.743409633636475
3794	1.8830894231796265	0.9927875995635986	-3.7014856338500977
3795	-1.778171181678772	0.3311576247215271	1.780504822731018
3796	-1.2317448854446411	2.72414493560791	-1.3139530420303345
3797	-2.0906453132629395	-2.0673699378967285	4.785407066345215
3798	-2.335232734680176	-1.7657653093338013	4.782032012939453
3799	-2.1481587886810303	-2.09712290763855	4.811485290527344
3800	-1.6330280303955078	3.4257171154022217	-1.8892382383346558
3801	2.1523964405059814	0.5724255442619324	-3.4000253677368164
3802	-2.3237411975860596	-1.8787875175476074	4.7410173416137695
3803	-2.4483487606048584	-1.437814474105835	4.593328475952148
3804	-2.450770854949951	-1.6624771356582642	4.736481666564941
3805	1.6858831644058228	0.9413612484931946	-3.5577075481414795
3806	-2.4823038578033447	-1.5273057222366333	4.620797634124756
3807	-2.596648931503296	-1.2060222625732422	4.483231067657471
3808	-2.2386932373046875	-1.9489446878433228	4.794524669647217
3809	1.514027714729309	0.6786215901374817	-3.0664424896240234
3810	-1.1492714881896973	-0.8136800527572632	1.9395625591278076
3811	2.1094064712524414	0.5372735857963562	-3.441786289215088
3812	-2.1484909057617188	0.5708197951316833	2.2568461894989014
3813	-2.161639928817749	-2.0328853130340576	4.790668964385986
3814	-2.3035478591918945	-1.8574987649917603	4.774084568023682
3815	-1.3167140483856201	3.370072364807129	-2.173562526702881
3816	2.148503541946411	0.26614075899124146	-3.1669633388519287
3817	1.987635612487793	0.5195760726928711	-3.174586296081543
3818	-2.1033496856689453	-2.0934245586395264	4.788329124450684
3819	-2.3717234134674072	-1.7665421962738037	4.741837978363037
3820	0.2621856927871704	0.22878976166248322	-0.9110159277915955
3821	0.7693828344345093	-0.4915820360183716	-0.7415209412574768
3822	-2.324437141418457	-1.8134093284606934	4.772294044494629
3823	-2.7817201614379883	2.274188995361328	1.3471240997314453
3824	1.5251845121383667	-0.006906952243298292	-2.225123643875122
3825	-1.2617337703704834	-1.0029746294021606	2.6604514122009277
3826	-2.1405999660491943	-2.0788156986236572	4.8091559410095215
3827	-2.1195168495178223	-2.1093649864196777	4.793288230895996
3828	-2.1936023235321045	-2.006516933441162	4.798314094543457
3829	-1.4669361114501953	-0.021686702966690063	2.051513671875
3830	-2.246880054473877	-1.9467893838882446	4.790762901306152
3831	2.1550371646881104	0.42313772439956665	-3.3582375049591064
3832	-2.3048019409179688	0.8245420455932617	1.8699538707733154
3833	-0.4178570508956909	0.4307466745376587	-0.40543171763420105
3834	2.185683250427246	0.19409476220607758	-3.211270809173584
3835	-2.547313690185547	2.824218988418579	0.35942724347114563
3836	-0.9436925649642944	0.3447551429271698	0.9364921450614929
3837	1.4284789562225342	-0.32187795639038086	-2.0050764083862305
3838	-2.2867681980133057	-1.7327525615692139	4.647444725036621
3839	-2.391993284225464	-1.796272873878479	4.746222019195557
3840	-0.5847890973091125	-0.1318136751651764	0.5956761240959167
3841	-2.1727206707000732	-2.0618791580200195	4.7912278175354
3842	-1.6835691928863525	0.4544581472873688	1.699681282043457
3843	1.4585343599319458	1.3044016361236572	-3.4395642280578613
3844	-2.3298776149749756	-1.7476632595062256	4.72808313369751
3845	-2.062505006790161	3.270716905593872	-1.195695161819458
3846	-2.1936821937561035	-2.0273866653442383	4.821792125701904
3847	-1.364438772201538	0.15273438394069672	1.8225977420806885
3848	-2.1164541244506836	-2.077702522277832	4.798771381378174
3849	-1.1761322021484375	-0.517424464225769	1.6175729036331177
3850	-2.188505172729492	-0.06519531458616257	3.135861873626709
3851	-1.9735486507415771	1.6654174327850342	1.191864252090454
3852	1.9848140478134155	0.6604229807853699	-3.3330790996551514
3853	-2.3375470638275146	1.4523801803588867	1.4736684560775757
3854	-2.3241312503814697	-1.8059881925582886	4.684906005859375
3855	-2.6589670181274414	-1.221591591835022	4.560561656951904
3856	-2.646289825439453	-0.745491087436676	4.192070007324219
3857	-2.1985268592834473	-2.010608196258545	4.808537483215332
3858	-2.198704719543457	-2.038426399230957	4.815374851226807
3859	-2.3933703899383545	3.4450345039367676	-0.7095416188240051
3860	-0.7860416769981384	-0.4146236777305603	1.1097517013549805
3861	-1.330815315246582	0.9247245192527771	0.5666822791099548
3862	-2.032235622406006	3.334514617919922	-1.1926016807556152
3863	-1.2934129238128662	3.273318290710449	-2.226841926574707
3864	-2.303703546524048	-1.9207749366760254	4.776535987854004
3865	-0.9699063897132874	3.1706879138946533	-2.547579050064087
3866	-2.17518949508667	1.2358664274215698	1.4092508554458618
3867	-2.2212908267974854	1.2294931411743164	1.5009948015213013
3868	-2.1807546615600586	-1.9941651821136475	4.802637100219727
3869	-2.2880477905273438	-1.927138090133667	4.784655570983887
3870	-2.4533557891845703	0.5662660002708435	2.489762306213379
3871	2.0386998653411865	0.3462587296962738	-3.063760280609131
3872	2.075740098953247	0.35098403692245483	-3.2747015953063965
3873	-2.4540348052978516	-1.5242351293563843	4.628411769866943
3874	1.6415175199508667	0.9672081470489502	-3.3930909633636475
3875	-2.086350917816162	-2.063814640045166	4.761394500732422
3876	-2.4587361812591553	-1.650708556175232	4.753288745880127
3877	-2.15034818649292	-2.0965497493743896	4.788766860961914
3878	-2.514007091522217	-0.06513305753469467	3.487682342529297
3879	2.1504366397857666	0.485185444355011	-3.3838629722595215
3880	-2.2617604732513428	-1.937707543373108	4.7861480712890625
3881	2.1021883487701416	0.2436652034521103	-3.178790330886841
3882	-2.175344467163086	1.2129210233688354	1.4573843479156494
3883	-2.8140647411346436	2.7173712253570557	0.7759466171264648
3884	-2.2319538593292236	-1.3541721105575562	4.315834999084473
3885	2.171257734298706	0.2592853605747223	-3.2948319911956787
3886	-2.1693708896636963	-2.0366058349609375	4.80177116394043
3887	1.0710757970809937	0.36234748363494873	-2.0783257484436035
3888	-1.4615927934646606	0.3600848317146301	1.9923115968704224
3889	1.8267728090286255	0.8921273350715637	-3.613780975341797
3890	2.0965280532836914	0.49465250968933105	-3.4468798637390137
3891	-2.19513201713562	-2.040644884109497	4.8065338134765625
3892	-2.277827739715576	0.6193287372589111	2.090078830718994
3893	-2.9400582313537598	0.09052366018295288	3.5357866287231445
3894	-2.198068141937256	-2.0481176376342773	4.790208339691162
3895	-1.3842015266418457	0.3703291714191437	1.3779000043869019
3896	1.4435166120529175	1.3441241979599	-3.5798258781433105
3897	-2.1844093799591064	-1.9650859832763672	4.780392646789551
3898	-2.4618635177612305	-1.6856318712234497	4.740703105926514
3899	1.2960302829742432	-0.46542686223983765	-1.5730938911437988
3900	-2.2551236152648926	-1.1396340131759644	4.034064769744873
3901	-2.1211957931518555	-2.0913045406341553	4.784570693969727
3902	1.1594350337982178	1.5860989093780518	-3.298189878463745
3903	-2.31852126121521	3.205024003982544	-0.6925853490829468
3904	-2.232332468032837	-1.938655972480774	4.807336807250977
3905	1.9686986207962036	0.465182900428772	-3.322782278060913
3906	-0.7673565149307251	-0.7168962359428406	1.2444645166397095
3907	-0.7050116658210754	-0.4890228509902954	0.8060746192932129
3908	-2.441084146499634	-1.7113968133926392	4.770411968231201
3909	-2.122584819793701	-2.0706870555877686	4.794159889221191
3910	-0.5395029187202454	0.3114836812019348	0.24118392169475555
3911	-2.590522289276123	-1.2969084978103638	4.567150592803955
3912	-2.1598961353302	-2.05110764503479	4.791557312011719
3913	1.805336833000183	0.542800784111023	-3.295741558074951
3914	-2.2934610843658447	-1.9147127866744995	4.7912750244140625
3915	-2.208405017852783	-1.959233045578003	4.784665584564209
3916	-2.0911333560943604	-2.130277156829834	4.817647933959961
3917	-1.8236875534057617	3.6354453563690186	-1.7257227897644043
3918	-1.514061450958252	3.3645918369293213	-1.7854158878326416
3919	-2.1533987522125244	-2.01204252243042	4.788258075714111
3920	-2.2076377868652344	0.6737475991249084	2.018486499786377
3921	1.9720655679702759	0.5588085055351257	-3.372727394104004
3922	2.1729750633239746	0.3077547550201416	-3.283771514892578
3923	2.184300661087036	0.4277457892894745	-3.3763420581817627
3924	-0.5341902375221252	-0.4582816958427429	0.7226555347442627
3925	1.6439189910888672	0.5928546786308289	-2.7826755046844482
3926	-2.3223459720611572	-1.8061968088150024	4.749959468841553
3927	-2.5086684226989746	-0.1059545949101448	3.248120069503784
3928	-2.2066049575805664	-2.008303642272949	4.791777610778809
3929	-2.0257341861724854	3.2611618041992188	-1.0494498014450073
3930	2.0462987422943115	0.5601428151130676	-3.474287509918213
3931	-2.4910547733306885	-1.6343644857406616	4.736318588256836
3932	-2.238309860229492	-1.9586230516433716	4.783675670623779
3933	-2.6115427017211914	2.9942376613616943	0.18762244284152985
3934	-1.022374153137207	3.1624388694763184	-2.436629056930542
3935	-2.4622745513916016	-1.6834028959274292	4.687661647796631
3936	-2.113265037536621	-2.0784671306610107	4.786445140838623
3937	1.7930457592010498	0.4191837012767792	-2.80330491065979
3938	1.9221831560134888	1.004675030708313	-3.643564224243164
3939	-2.5241360664367676	2.764108180999756	0.14995981752872467
3940	-2.012683629989624	-2.196812391281128	4.743540287017822
3941	-2.2318363189697266	-0.29798123240470886	3.3835389614105225
3942	-2.866405487060547	-0.7028211355209351	4.188884735107422
3943	-2.25471830368042	-1.8735707998275757	4.756649494171143
3944	-2.1220498085021973	-2.080045223236084	4.786795139312744
3945	-2.3288307189941406	-1.8388692140579224	4.778116703033447
3946	-2.271573305130005	-0.3719726502895355	3.521174192428589
3947	-2.250953435897827	-1.984632134437561	4.774023532867432
3948	-1.926652193069458	1.389665961265564	1.0450421571731567
3949	2.0835022926330566	0.168527290225029	-3.1260268688201904
3950	-2.7141969203948975	-1.2096126079559326	4.530311584472656
3951	-2.492328405380249	-1.6219691038131714	4.657595634460449
3952	-2.015953302383423	-2.1994171142578125	4.797027111053467
3953	-2.6195743083953857	-1.3351547718048096	4.617884635925293
3954	-2.366781234741211	-1.8197840452194214	4.794991493225098
3955	-2.2053675651550293	-2.003901481628418	4.806230068206787
3956	-2.3447153568267822	-1.8433126211166382	4.793118000030518
3957	-1.8008050918579102	0.35107317566871643	2.191509246826172
3958	-2.6138875484466553	-0.14615991711616516	3.2561416625976562
3959	-1.5142745971679688	0.22312001883983612	1.751456618309021
3960	-2.1275157928466797	-2.0378355979919434	4.778536319732666
3961	-2.69846773147583	-0.22416040301322937	3.8041117191314697
3962	-2.3846852779388428	-1.737196683883667	4.751924514770508
3963	-1.479244351387024	3.2404778003692627	-1.7804429531097412
3964	-2.343470811843872	-1.8565988540649414	4.755142688751221
3965	-2.164182662963867	-2.0387377738952637	4.792298793792725
3966	0.8323333859443665	0.18708443641662598	-1.7958683967590332
3967	-2.6143136024475098	-0.029445592314004898	3.5748159885406494
3968	-2.311091661453247	-1.9073911905288696	4.766748428344727
3969	2.0093510150909424	0.4605211913585663	-3.2141098976135254
3970	2.0603175163269043	0.6091410517692566	-3.5488340854644775
3971	-2.2530620098114014	-1.925742268562317	4.797076225280762
3972	-2.2508227825164795	-1.9028726816177368	4.794314384460449
3973	-2.578162431716919	0.6534652709960938	2.6181535720825195
3974	0.7009779214859009	-0.6264631748199463	-0.6389659643173218
3975	-2.4300899505615234	0.8052552938461304	2.3613219261169434
3976	-1.9964370727539062	3.6481993198394775	-1.406720519065857
3977	-2.179069995880127	-2.0429766178131104	4.7079362869262695
3978	-2.1388137340545654	1.650704264640808	0.9268461465835571
3979	-0.8532887101173401	-0.8689597249031067	1.3154900074005127
3980	-2.71927809715271	0.6668161153793335	2.7096893787384033
3981	-2.059860944747925	-2.0621073246002197	4.711071014404297
3982	-2.1762940883636475	-2.0240747928619385	4.796538829803467
3983	-2.1727707386016846	-1.9962784051895142	4.7983574867248535
3984	1.2142363786697388	1.1009984016418457	-3.1002590656280518
3985	-1.5918675661087036	3.776304006576538	-2.038175582885742
3986	-2.404306650161743	-1.7630479335784912	4.740601062774658
3987	-2.33673095703125	-1.8036969900131226	4.780930042266846
3988	-2.064513683319092	-0.6160869002342224	3.463900089263916
3989	-1.8719110488891602	3.400254011154175	-1.0234085321426392
3990	-1.3287951946258545	3.026304006576538	-2.1125118732452393
3991	-1.6764087677001953	-1.0655858516693115	3.329956531524658
3992	0.30803796648979187	-0.48941051959991455	-0.276699960231781
3993	2.102097511291504	0.08979270607233047	-3.0622339248657227
3994	-2.34315824508667	-1.87179696559906	4.774502754211426
3995	-1.9637449979782104	0.6989190578460693	2.011167287826538
3996	-2.334991216659546	-0.9860699772834778	4.134885311126709
3997	-2.0605602264404297	-2.1467175483703613	4.801190376281738
3998	-2.386848211288452	-1.0018389225006104	4.177305221557617
3999	-2.292070150375366	-1.9284536838531494	4.787747383117676
4000	-2.137826442718506	-2.0773794651031494	4.817235946655273
4001	-2.4376728534698486	-1.7067769765853882	4.708590984344482
4002	-2.5396924018859863	-1.5054768323898315	4.585043907165527
4003	-1.5450972318649292	0.4521791934967041	1.8093112707138062
4004	-2.1490182876586914	0.202874556183815	2.875009059906006
4005	-0.718510091304779	-0.4472704529762268	1.1874279975891113
4006	-2.292070150375366	-1.9284536838531494	4.787747383117676
4007	1.9326269626617432	0.17989932000637054	-2.9151370525360107
4008	-2.159353733062744	-1.9894040822982788	4.753122329711914
4009	-2.3727307319641113	-1.846866488456726	4.758878231048584
4010	-2.143792152404785	-2.0304322242736816	4.795928001403809
4011	-2.2615854740142822	-1.9651862382888794	4.776942253112793
4012	1.5368425846099854	1.4670721292495728	-3.7580292224884033
4013	-2.5008058547973633	-1.588440179824829	4.692361354827881
4014	-2.117647409439087	-2.061666965484619	4.793139934539795
4015	-2.1734166145324707	-2.0586166381835938	4.802801132202148
4016	-2.6057417392730713	2.0999505519866943	1.087162971496582
4017	-2.1230154037475586	-2.101787567138672	4.8085503578186035
4018	-2.1871159076690674	0.4281919002532959	2.58241605758667
4019	-1.9864745140075684	-0.1432843953371048	3.11173939704895
4020	-2.3272416591644287	-1.8860329389572144	4.789915561676025
4021	1.9619053602218628	0.7481639385223389	-3.4714269638061523
4022	-0.8771037459373474	0.2931423783302307	0.43406006693840027
4023	1.2000154256820679	0.7852433323860168	-2.6224734783172607
4024	-2.5187344551086426	-0.5312822461128235	3.772249221801758
4025	-2.341891050338745	-1.428222417831421	4.459381103515625
4026	1.577555775642395	-0.07098720222711563	-2.1639130115509033
4027	-2.216543436050415	-2.0138721466064453	4.784682750701904
4028	-2.3446483612060547	-1.489070177078247	4.4192328453063965
4029	1.0335018634796143	2.051632881164551	-3.764801025390625
4030	2.1127185821533203	0.44348597526550293	-3.2445197105407715
4031	-2.086097002029419	-2.1275105476379395	4.8164753913879395
4032	-1.9360990524291992	3.191978931427002	-1.4525341987609863
4033	-0.32272595167160034	1.950445294380188	-1.9642399549484253
4034	-2.490995168685913	-1.6475518941879272	4.734478950500488
4035	-2.302507162094116	-1.8504823446273804	4.766334056854248
4036	-2.175386428833008	-2.0746688842773438	4.807048797607422
4037	-1.7194277048110962	0.9195513129234314	1.4090864658355713
4038	0.9807448387145996	-0.03804778307676315	-1.6199731826782227
4039	-2.3577582836151123	-1.7859727144241333	4.741186618804932
4040	-2.4668049812316895	2.5114002227783203	0.42218366265296936
4041	-2.1320183277130127	-2.067265033721924	4.805136203765869
4042	-2.78212833404541	-0.8044333457946777	4.193333148956299
4043	-1.7826635837554932	0.1134641170501709	2.3942885398864746
4044	-2.4975056648254395	-1.5691267251968384	4.711742401123047
4045	-2.372504949569702	-1.8149670362472534	4.74298620223999
4046	-2.10878849029541	2.8820950984954834	-0.19514250755310059
4047	0.8603317141532898	1.92449152469635	-3.579522132873535
4048	1.9839357137680054	0.5853939056396484	-3.2860236167907715
4049	-2.0131995677948	-2.2225728034973145	4.789586067199707
4050	2.0086324214935303	0.36100703477859497	-3.1997780799865723
4051	-2.4105923175811768	-0.5140473246574402	3.707923412322998
4052	-2.143907308578491	-2.0814716815948486	4.801663398742676
4053	-2.1052513122558594	-2.091276168823242	4.795743465423584
4054	-2.347602605819702	-1.8194454908370972	4.752310752868652
4055	-2.3904874324798584	-1.4161059856414795	4.3923492431640625
4056	-2.0984063148498535	1.2626081705093384	1.5703456401824951
4057	-0.15552803874015808	-0.6170251369476318	0.2944439649581909
4058	2.10335111618042	0.40262752771377563	-3.3510425090789795
4059	-2.101797580718994	-2.1120433807373047	4.7973527908325195
4060	-2.203566551208496	-2.0320355892181396	4.802034378051758
4061	-2.383812189102173	-1.8292938470840454	4.761017322540283
4062	-1.4642263650894165	-0.7060423493385315	2.6975345611572266
4063	-1.2191230058670044	2.5905261039733887	-1.603206992149353
4064	1.6148236989974976	0.19718043506145477	-2.573960542678833
4065	-2.401982545852661	-1.7036319971084595	4.711195468902588
4066	-2.3511087894439697	-1.7686911821365356	4.742425918579102
4067	-2.51631236076355	-1.5897408723831177	4.723323345184326
4068	0.3357616662979126	-0.9115912914276123	0.10743454843759537
4069	1.7193822860717773	0.7513412833213806	-3.238643169403076
4070	-2.7386436462402344	2.4359283447265625	0.8188916444778442
4071	-2.252598524093628	0.7411238551139832	2.357325792312622
4072	-2.2097902297973633	2.607900381088257	-0.17266787588596344
4073	-2.621387243270874	1.6828923225402832	1.4998805522918701
4074	-1.996579647064209	0.47562265396118164	2.015934705734253
4075	-2.3170440196990967	-1.7909187078475952	4.7448954582214355
4076	-2.430797576904297	-1.7559340000152588	4.763067722320557
4077	1.8658283948898315	0.710728108882904	-3.4207749366760254
4078	-2.1989963054656982	-1.9654972553253174	4.761572360992432
4079	-1.704914927482605	-1.092703938484192	3.5580756664276123
4080	-2.157639980316162	-2.0421142578125	4.823342800140381
4081	-0.3682919144630432	-0.8129011988639832	0.7717893123626709
4082	-2.1840388774871826	-1.1505135297775269	3.4562506675720215
4083	-2.3392345905303955	3.2344319820404053	-0.463474303483963
4084	-2.189621686935425	-1.958978295326233	4.774221420288086
4085	-2.1315174102783203	-2.070044755935669	4.809659004211426
4086	-2.0837864875793457	-0.07914422452449799	3.0496060848236084
4087	-2.3786044120788574	2.037066698074341	0.9514780044555664
4088	-2.043426752090454	-2.1522634029388428	4.794605731964111
4089	-2.0161168575286865	-2.2226810455322266	4.765971660614014
4090	-2.5222301483154297	-1.3650853633880615	4.59702205657959
4091	-0.5191734433174133	2.879140615463257	-2.796163320541382
4092	-2.3039307594299316	-1.9258431196212769	4.766312599182129
4093	-1.8685638904571533	1.4611116647720337	0.9191042184829712
4094	-2.1284127235412598	-2.080174446105957	4.806388854980469
4095	-2.725104808807373	-0.5464041233062744	4.046122074127197
4096	-2.041574239730835	-2.179363489151001	4.769636631011963
4097	-1.4785544872283936	3.2911088466644287	-2.050300121307373
4098	-2.4816057682037354	-1.6333376169204712	4.716085433959961
4099	-2.1720402240753174	-2.0072195529937744	4.804270267486572
4100	-2.2151920795440674	0.5221558213233948	2.6520447731018066
4101	-1.5579380989074707	-0.659155011177063	2.991832733154297
4102	-2.7498254776000977	0.9172517657279968	2.5688178539276123
4103	-2.2880477905273438	-1.927138090133667	4.784655570983887
4104	2.039672613143921	0.5962361097335815	-3.442308187484741
4105	-2.4214727878570557	-1.716315746307373	4.786683082580566
4106	-2.3599276542663574	-1.8465163707733154	4.756452560424805
4107	-2.0811209678649902	-2.140204906463623	4.797481536865234
4108	-2.8060035705566406	-0.5537421107292175	3.7375686168670654
4109	-2.3032171726226807	-1.4965351819992065	4.518902778625488
4110	-1.8536934852600098	-1.6188952922821045	4.190827369689941
4111	-1.7476670742034912	0.7595395445823669	1.567656397819519
4112	-2.258885383605957	-1.9591172933578491	4.788936138153076
4113	-2.105208396911621	-2.1297736167907715	4.815780162811279
4114	-2.3966422080993652	-1.742696762084961	4.7669548988342285
4115	-2.1259899139404297	0.5822506546974182	2.0709340572357178
4116	-2.1418211460113525	-2.0627551078796387	4.808087348937988
4117	-2.444786310195923	-1.6806530952453613	4.762932300567627
4118	0.04144361615180969	-0.368877649307251	-0.18975965678691864
4119	-2.415003538131714	3.2696080207824707	-0.20326009392738342
4120	-2.212362766265869	-1.5725023746490479	4.397828578948975
4121	0.6768114566802979	2.2649238109588623	-3.6573503017425537
4122	-2.0193898677825928	1.1501096487045288	1.5100939273834229
4123	-2.089646339416504	-2.1135473251342773	4.792206764221191
4124	-2.374441146850586	0.884335994720459	2.4221651554107666
4125	-2.2093346118927	-1.9846305847167969	4.824722766876221
4126	-1.5235798358917236	0.11092103272676468	1.801101803779602
4127	-2.5993356704711914	-1.1025145053863525	4.3615312576293945
4128	-0.18176943063735962	2.5561647415161133	-3.002399206161499
4129	-2.5841012001037598	2.2607147693634033	0.9428465366363525
4130	-2.3667585849761963	-1.7986918687820435	4.75330114364624
4131	0.8700127005577087	1.4156733751296997	-2.823347568511963
4132	0.9907508492469788	0.2733120918273926	-1.865115761756897
4133	-1.5984352827072144	-0.3015911281108856	2.5098249912261963
4134	2.170123338699341	0.23581920564174652	-3.261902332305908
4135	-2.9645018577575684	2.335350751876831	1.0510761737823486
4136	0.34342241287231445	-0.9087703227996826	0.11075112223625183
4137	1.5606822967529297	1.3768624067306519	-3.8109965324401855
4138	-0.9166713356971741	3.130863904953003	-2.7433536052703857
4139	-2.7513763904571533	0.09106016904115677	3.490112066268921
4140	-2.1062872409820557	-2.127171516418457	4.768977642059326
4141	2.022477626800537	0.38350561261177063	-3.185731887817383
4142	-2.286701202392578	-1.9202824831008911	4.7879509925842285
4143	1.8710615634918213	0.8795429468154907	-3.629701852798462
4144	-2.255701780319214	-1.953058123588562	4.787604808807373
4145	-2.5757694244384766	-1.4530030488967896	4.636971473693848
4146	2.1752054691314697	0.35110339522361755	-3.334987163543701
4147	-2.3900671005249023	0.6732680201530457	2.311854124069214
4148	-2.3127083778381348	-1.8545812368392944	4.796943664550781
4149	-1.98581063747406	0.7741852402687073	1.9611808061599731
4150	-2.329041004180908	-1.8522979021072388	4.760976314544678
4151	-2.1780104637145996	-2.04305100440979	4.803099632263184
4152	-2.1778945922851562	-2.0497002601623535	4.807243824005127
4153	1.6354949474334717	0.7767388224601746	-3.301562786102295
4154	2.0346741676330566	0.6041143536567688	-3.4859838485717773
4155	-2.714585304260254	-0.7454091906547546	4.17525053024292
4156	-1.1646867990493774	-0.2848021686077118	1.654401421546936
4157	-2.6097934246063232	0.7082069516181946	2.782924175262451
4158	-1.604494333267212	0.6833029985427856	1.47886061668396
4159	2.033799171447754	0.8111741542816162	-3.5669775009155273
4160	-2.1688156127929688	-2.061508893966675	4.790648937225342
4161	-1.8060535192489624	0.5395323038101196	1.8948229551315308
4162	-2.128974676132202	-2.110334634780884	4.794750213623047
4163	-2.3159000873565674	-1.8872122764587402	4.779059886932373
4164	-2.6255221366882324	-0.3672519326210022	3.729559898376465
4165	1.883407711982727	0.45536112785339355	-3.2213962078094482
4166	-2.072441816329956	-2.132235050201416	4.774035930633545
4167	-2.132058620452881	-2.106430768966675	4.778725624084473
4168	0.7931652069091797	1.4212380647659302	-3.025279998779297
4169	1.9982434511184692	0.3522046208381653	-3.1422455310821533
4170	-2.1954941749572754	-2.038292169570923	4.807640552520752
4171	-2.3621163368225098	-1.7795673608779907	4.775700092315674
4172	-2.2769935131073	-1.9113264083862305	4.795135021209717
4173	-2.028531074523926	-2.187455654144287	4.774477481842041
4174	1.8741706609725952	0.04835234954953194	-2.7406723499298096
4175	-2.18072772026062	-2.052701473236084	4.781022548675537
4176	-2.4702839851379395	-1.5925806760787964	4.70731782913208
4177	-2.3906283378601074	0.3077462613582611	2.470743179321289
4178	-1.8669459819793701	3.468836784362793	-1.2347805500030518
4179	-2.1434786319732666	-2.0379507541656494	4.787003040313721
4180	-2.122835159301758	-2.1231980323791504	4.792140960693359
4181	-2.5364763736724854	-1.448232889175415	4.621179580688477
4182	-2.604905605316162	-1.133353590965271	4.389695644378662
4183	0.00810287892818451	0.9352961182594299	-1.3629459142684937
4184	-2.4949698448181152	-1.6091920137405396	4.717199325561523
4185	-0.28775960206985474	1.885290503501892	-1.9626736640930176
4186	-2.0728251934051514	-2.1627249717712402	4.786114692687988
4187	-2.2346577644348145	-1.9327472448349	4.76491117477417
4188	2.0027170181274414	0.6263636350631714	-3.4583969116210938
4189	-2.5478641986846924	-1.5580960512161255	4.68912410736084
4190	0.06435591727495193	-0.9613466858863831	0.33086827397346497
4191	-2.0613274574279785	-2.2010793685913086	4.786893844604492
4192	-2.1448373794555664	-2.050949811935425	4.802347660064697
4193	-2.164334535598755	-2.049903392791748	4.792436122894287
4194	2.1141035556793213	0.41414740681648254	-3.350761651992798
4195	-2.494267463684082	-1.5785597562789917	4.708274841308594
4196	-2.1939926147460938	-2.0353517532348633	4.815939903259277
4197	-2.194099187850952	-1.9960181713104248	4.803005695343018
4198	-2.2368626594543457	0.5408584475517273	2.3770976066589355
4199	-0.5237805247306824	-0.5374850034713745	0.8065913915634155
4200	-1.6499452590942383	3.4725208282470703	-1.974218487739563
4201	-0.7071334719657898	1.2523834705352783	-0.7511383295059204
4202	1.4329805374145508	0.28845471143722534	-2.201249837875366
4203	-2.6103110313415527	-1.1263103485107422	4.426060676574707
4204	-2.2638731002807617	-1.9988456964492798	4.784666538238525
4205	-1.9776448011398315	-2.239157199859619	4.786474227905273
4206	-2.7120611667633057	-1.049115777015686	4.425694465637207
4207	2.1026031970977783	0.35980039834976196	-3.3285887241363525
4208	-2.0989441871643066	-2.131840467453003	4.788048267364502
4209	-2.144138813018799	-2.052276849746704	4.798871994018555
4210	-2.426335096359253	-0.6696259379386902	3.916860342025757
4211	-2.1961772441864014	-0.018631987273693085	2.764605760574341
4212	2.092249631881714	0.5515387654304504	-3.4655544757843018
4213	1.9366751909255981	0.7328072190284729	-3.462935209274292
4214	-2.4894890785217285	3.2544541358947754	-0.45278453826904297
4215	-1.7922621965408325	3.4183671474456787	-1.5697216987609863
4216	-2.1499953269958496	2.8492276668548584	-0.6560155153274536
4217	1.9166715145111084	0.36009618639945984	-3.163271903991699
4218	-2.1498301029205322	-1.9764050245285034	4.800438404083252
4219	-2.658862590789795	-1.167993426322937	4.53927755355835
4220	1.5896797180175781	1.4592543840408325	-3.755514621734619
4221	2.0778307914733887	0.4174065887928009	-3.277440309524536
4222	-2.3167362213134766	-1.8835088014602661	4.781274318695068
4223	-2.297086238861084	-1.9186564683914185	4.783202171325684
4224	-2.5753562450408936	2.402066946029663	0.7557829022407532
4225	-2.3029532432556152	3.32320499420166	-0.6436730623245239
4226	1.9156745672225952	0.5445412397384644	-3.249112844467163
4227	-2.668811559677124	-0.01234913244843483	3.4719197750091553
4228	1.9838275909423828	0.25949758291244507	-3.0931551456451416
4229	-2.056265115737915	-2.1509621143341064	4.789587020874023
4230	-2.402045488357544	-1.7740153074264526	4.7602763175964355
4231	0.2768329381942749	-0.5729367136955261	-0.2590506076812744
4232	-2.3859128952026367	1.7672877311706543	0.6622470617294312
4233	-2.0330398082733154	-2.1346657276153564	4.739647388458252
4234	-2.1484925746917725	-2.0970311164855957	4.797880172729492
4235	1.1408450603485107	1.4602957963943481	-3.3874661922454834
4236	0.6075547337532043	1.2581840753555298	-2.591745138168335
4237	-2.093858003616333	-1.9025756120681763	4.642624378204346
4238	-2.313063621520996	-1.858669638633728	4.769952297210693
4239	-2.5637238025665283	-1.225685715675354	4.528740882873535
4240	-0.612816333770752	-0.4921477437019348	1.0824941396713257
4241	-1.0256779193878174	-0.009096864610910416	1.1384458541870117
4242	-2.538675308227539	-1.5341278314590454	4.695644378662109
4243	-1.9163782596588135	-1.047625184059143	3.5486202239990234
4244	-2.206247329711914	-2.0051865577697754	4.791471481323242
4245	-2.0538620948791504	-2.133790969848633	4.763219833374023
4246	1.7500962018966675	0.6834033131599426	-3.157102346420288
4247	-2.637559652328491	2.6950595378875732	0.3323734998703003
4248	1.3832484483718872	1.0380498170852661	-3.2114739418029785
4249	-1.9622689485549927	0.7964446544647217	1.9197099208831787
4250	-2.5723066329956055	-1.4628651142120361	4.619227886199951
4251	1.8063921928405762	0.5126385688781738	-3.129891872406006
4252	0.8379645943641663	-0.17536000907421112	-1.339281439781189
4253	-2.347848892211914	-1.8448830842971802	4.7603654861450195
4254	-2.146531820297241	-2.0361831188201904	4.801521301269531
4255	1.3512340784072876	0.030192531645298004	-2.015690803527832
4256	1.6261906623840332	0.6887151002883911	-3.191155433654785
4257	2.2364163398742676	0.15478859841823578	-3.196939468383789
4258	-2.2149529457092285	-2.0052058696746826	4.804659843444824
4259	-2.371595621109009	0.5317541360855103	2.545630693435669
4260	-2.264448404312134	-1.1962711811065674	4.1712422370910645
4261	-2.2034170627593994	-2.0335536003112793	4.780956745147705
4262	-0.17804306745529175	-0.5226494669914246	0.5450054407119751
4263	-2.268946886062622	-1.933318853378296	4.793642044067383
4264	-2.435009479522705	-1.715766191482544	4.672269821166992
4265	1.963043451309204	0.27595072984695435	-2.869826078414917
4266	-0.47768014669418335	0.744068443775177	-0.5159353017807007
4267	2.1023428440093994	0.4899407923221588	-3.3312528133392334
4268	2.1469321250915527	0.3151499629020691	-3.267169237136841
4269	1.7954620122909546	0.5964296460151672	-2.8858985900878906
4270	2.100616216659546	0.4625779390335083	-3.3913931846618652
4271	-2.788478136062622	0.2127562165260315	3.3762335777282715
4272	-2.108785390853882	-2.093524932861328	4.828448295593262
4273	-2.075939893722534	3.529364585876465	-1.4512790441513062
4274	2.1723251342773438	0.4246235489845276	-3.3354599475860596
4275	-2.0524113178253174	-2.161452531814575	4.791048049926758
4276	2.173682689666748	0.4605090618133545	-3.3852062225341797
4277	-2.13509464263916	-2.116773843765259	4.783322811126709
4278	-1.6009156703948975	3.4721477031707764	-2.0262866020202637
4279	2.1629388332366943	0.3439633250236511	-3.312299966812134
4280	0.28501540422439575	2.5349557399749756	-3.4488143920898438
4281	-2.1652987003326416	-1.9468914270401	4.718384742736816
4282	-2.3358471393585205	-1.859325885772705	4.7647929191589355
4283	-2.3315043449401855	3.1788253784179688	-0.3799240291118622
4284	-2.1740212440490723	-2.0302894115448	4.803606033325195
4285	-2.5480098724365234	-1.384645938873291	4.446206092834473
4286	-1.108961820602417	2.149571657180786	-1.411177635192871
4287	-2.2009425163269043	-1.995223879814148	4.791684150695801
4288	-2.2203938961029053	0.19603489339351654	3.0473203659057617
4289	-2.5657365322113037	-1.4146400690078735	4.653008460998535
4290	-2.6776163578033447	-0.9901779294013977	4.461190700531006
4291	0.7060012221336365	1.1484832763671875	-2.3895885944366455
4292	-0.3153049349784851	-0.964492917060852	0.77839195728302
4293	2.0751776695251465	0.12550847232341766	-3.0673418045043945
4294	-2.025325059890747	0.24397826194763184	2.601430892944336
4295	-2.6932685375213623	-0.5046062469482422	3.8346004486083984
4296	-2.0482189655303955	-2.122264862060547	4.782933712005615
4297	-2.2249579429626465	-1.9544419050216675	4.797846794128418
4298	-1.5232468843460083	0.2819652557373047	1.7855024337768555
4299	-2.1543633937835693	-2.0937705039978027	4.810482025146484
4300	1.8622303009033203	0.09024883061647415	-2.6440351009368896
4301	-2.3499019145965576	-1.8030424118041992	4.761011600494385
4302	-2.2820844650268555	-1.938599944114685	4.785526752471924
4303	1.553348422050476	-0.027025025337934494	-2.3443617820739746
4304	1.8517059087753296	0.13860560953617096	-2.571458578109741
4305	1.959664225578308	0.60052889585495	-3.4144937992095947
4306	1.6913654804229736	0.2028363198041916	-2.4485864639282227
4307	-2.154987096786499	-2.048369884490967	4.769625186920166
4308	-2.1436927318573	-2.044663190841675	4.777766704559326
4309	1.4688462018966675	0.02536686882376671	-2.2847659587860107
4310	1.8976465463638306	0.4097753167152405	-3.2876296043395996
4311	-2.4205191135406494	-1.6501344442367554	4.727248668670654
4312	-2.2120821475982666	-1.9916048049926758	4.796198844909668
4313	-2.674610137939453	-1.137840986251831	4.414455890655518
4314	-0.3321821093559265	-0.21808160841464996	0.5630284547805786
4315	-2.4292614459991455	-1.5365961790084839	4.6205339431762695
4316	-2.2622439861297607	-1.913580060005188	4.768188953399658
4317	-2.189669132232666	-2.0503106117248535	4.770906925201416
4318	2.058474540710449	0.400439977645874	-3.3447513580322266
4319	-2.491986036300659	-1.529504656791687	4.698278903961182
4320	-2.4548864364624023	3.0187883377075195	-0.15209715068340302
4321	-2.306749105453491	-1.9047480821609497	4.7694854736328125
4322	-1.864104151725769	0.8457834720611572	1.2609920501708984
4323	1.6462688446044922	0.874519407749176	-3.4079787731170654
4324	2.1488373279571533	0.48021018505096436	-3.375561475753784
4325	-0.5930059552192688	-0.8775193095207214	0.9178044199943542
4326	2.1663856506347656	0.3088955879211426	-3.3359572887420654
4327	-1.3995000123977661	3.5012428760528564	-2.3277432918548584
4328	2.1607847213745117	0.2771931290626526	-3.181464433670044
4329	-2.82987117767334	-0.4465024471282959	4.029628753662109
4330	-1.7715294361114502	0.21256373822689056	2.2208940982818604
4331	-2.1290738582611084	-2.0719869136810303	4.821339130401611
4332	-2.3305740356445312	-1.7577401399612427	4.762068271636963
4333	-2.7258448600769043	2.433351516723633	1.1405502557754517
4334	0.23064398765563965	-0.9698847532272339	0.35979577898979187
4335	-2.249506950378418	-1.9159365892410278	4.781819820404053
4336	-2.3317723274230957	-1.8765084743499756	4.790059566497803
4337	-2.105944871902466	-2.069767475128174	4.817391395568848
4338	-0.26682549715042114	-0.8304440975189209	0.642784595489502
4339	-2.3553175926208496	-1.830483317375183	4.784474849700928
4340	2.1928348541259766	0.43778932094573975	-3.325399398803711
4341	-2.0530097484588623	-1.6742533445358276	4.136590480804443
4342	-2.6829440593719482	-0.08466147631406784	3.447539806365967
4343	2.165234088897705	0.4539097845554352	-3.3865270614624023
4344	-2.2244160175323486	-1.9558159112930298	4.790158271789551
4345	-2.1658968925476074	-2.0544564723968506	4.817674160003662
4346	2.0976922512054443	0.5420579314231873	-3.4597368240356445
4347	1.0180803537368774	0.05532241240143776	-1.6434574127197266
4348	-2.208798885345459	-2.010972023010254	4.784273147583008
4349	2.231567144393921	0.3165513277053833	-3.3641324043273926
4350	-2.1302342414855957	2.079669237136841	0.8765748143196106
4351	-2.6875951290130615	1.9230202436447144	1.683996319770813
4352	-2.283858299255371	-1.919101595878601	4.786534309387207
4353	2.23020339012146	0.1693083792924881	-3.244297504425049
4354	-2.0902209281921387	-2.1453769207000732	4.807690620422363
4355	1.9991068840026855	0.24196986854076385	-3.102813959121704
4356	1.0887160301208496	-0.5619996190071106	-1.31178879737854
4357	-2.301973342895508	-0.5049019455909729	3.6012120246887207
4358	-2.103654623031616	-2.127485513687134	4.797163486480713
4359	2.1717422008514404	0.3119197487831116	-3.322746753692627
4360	-0.2215740829706192	-1.1190016269683838	0.9260885715484619
4361	-2.9716193675994873	1.9139927625656128	1.8291629552841187
4362	-2.5921764373779297	-0.8020344376564026	4.177030086517334
4363	0.1522098183631897	1.4316349029541016	-2.135133981704712
4364	-2.4622504711151123	-1.7041395902633667	4.719568252563477
4365	-2.1083314418792725	-2.09114933013916	4.790535926818848
4366	-2.3253262042999268	-1.788702130317688	4.684516429901123
4367	-2.888110876083374	0.9646961688995361	2.3199758529663086
4368	-2.1471681594848633	-1.991736650466919	4.774700164794922
4369	-2.39166259765625	0.5527896881103516	2.693881034851074
4370	-0.207502543926239	0.43241584300994873	-0.5540316104888916
4371	-2.309453010559082	-1.8684800863265991	4.798410892486572
4372	-2.246812105178833	-1.9750243425369263	4.798763751983643
4373	-2.47200083732605	-0.506575345993042	3.8504693508148193
4374	2.184931516647339	0.17864777147769928	-3.2221314907073975
4375	-2.643409490585327	-1.1339391469955444	4.451336860656738
4376	-2.351112127304077	-1.7712000608444214	4.784162998199463
4377	2.1215872764587402	0.5567419528961182	-3.417970895767212
4378	1.948018193244934	0.7205167412757874	-3.467860698699951
4379	-2.269941806793213	-1.891396164894104	4.788532257080078
4380	2.1825265884399414	0.4738299250602722	-3.387502431869507
4381	-1.231521487236023	3.224616527557373	-1.936737060546875
4382	-2.2691807746887207	0.49264633655548096	2.484454393386841
4383	-1.5098986625671387	0.4294688403606415	1.4203130006790161
4384	-1.3914097547531128	-0.09753454476594925	1.8759698867797852
4385	-1.9660333395004272	3.463529109954834	-1.1453261375427246
4386	-2.411628246307373	-1.7548941373825073	4.743875026702881
4387	-2.179856538772583	1.5695207118988037	0.4435094892978668
4388	2.1000559329986572	0.2544535994529724	-3.2405364513397217
4389	-2.063654899597168	-2.147512912750244	4.79617977142334
4390	-2.740938663482666	2.491917848587036	0.9351133108139038
4391	-2.1554794311523438	-2.013941764831543	4.763611316680908
4392	2.209740400314331	0.4481070041656494	-3.4463679790496826
4393	-2.332747220993042	-1.8375439643859863	4.7796478271484375
4394	-2.1253132820129395	-2.1082088947296143	4.767815589904785
4395	-2.5420303344726562	0.22415994107723236	3.17423939704895
4396	-2.6782021522521973	0.2641737461090088	3.0992751121520996
4397	-2.285226583480835	-1.6486314535140991	4.5891265869140625
4398	-2.8920085430145264	0.17946705222129822	3.4630346298217773
4399	-2.2642979621887207	-1.9953685998916626	4.795640468597412
4400	-0.643294632434845	1.3298671245574951	-1.1053203344345093
4401	1.8962846994400024	0.017200510948896408	-2.813781261444092
4402	-1.358993649482727	1.3954931497573853	0.39070385694503784
4403	-2.1186015605926514	-2.064324378967285	4.78274393081665
4404	-2.2820816040039062	-1.9009921550750732	4.751089572906494
4405	-2.1846683025360107	-2.0296425819396973	4.789947986602783
4406	1.917705774307251	0.5972768664360046	-3.325604200363159
4407	-0.5323764085769653	3.250786542892456	-3.058149576187134
4408	-2.377729654312134	-1.467173457145691	4.565271854400635
4409	-2.3635940551757812	-1.6721526384353638	4.75455904006958
4410	-2.1544272899627686	-2.0488226413726807	4.791475772857666
4411	-2.105926275253296	-2.093574047088623	4.797273635864258
4412	-2.1102240085601807	-2.0905303955078125	4.79683256149292
4413	-1.3648593425750732	3.5013105869293213	-2.1344685554504395
4414	-2.3324203491210938	-1.894304633140564	4.784999370574951
4415	-2.490506887435913	-0.4925963878631592	3.8394761085510254
4416	-0.9646252393722534	-0.09747404605150223	1.0822246074676514
4417	2.1150035858154297	0.33592918515205383	-3.1918818950653076
4418	-1.9721680879592896	-2.2339303493499756	4.795938968658447
4419	-2.244899034500122	0.42911025881767273	2.545257329940796
4420	-2.4437930583953857	2.5899505615234375	0.41031548380851746
4421	-2.6266891956329346	0.6946865916252136	2.862609624862671
4422	-2.198052406311035	-2.0265145301818848	4.806216239929199
4423	2.197197675704956	-0.09720361977815628	-2.9307355880737305
4424	-1.6915991306304932	0.1724243015050888	2.099938154220581
4425	1.7754740715026855	0.19447623193264008	-3.00248122215271
4426	1.855948567390442	0.793601930141449	-3.4631307125091553
4427	0.6280364990234375	-0.6406803131103516	-0.6719216704368591
4428	1.468205451965332	0.5928770303726196	-2.7068710327148438
4429	-2.591999053955078	-0.2583589553833008	3.557507038116455
4430	-2.1027629375457764	-2.092766284942627	4.791772842407227
4431	2.1762237548828125	0.31595540046691895	-3.253509283065796
4432	-2.1661510467529297	0.07461119443178177	2.927435874938965
4433	2.075881242752075	0.6184231638908386	-3.5475058555603027
4434	-2.0973784923553467	-2.088297128677368	4.795223236083984
4435	-2.1410484313964844	-2.1194329261779785	4.806777000427246
4436	-2.1411757469177246	-2.0680863857269287	4.797756671905518
4437	-0.24485856294631958	-0.860960066318512	0.6485585570335388
4438	-2.105130672454834	-1.0742114782333374	3.900254964828491
4439	-2.372441291809082	1.6240922212600708	1.5697259902954102
4440	0.42911040782928467	0.42256903648376465	-1.7104313373565674
4441	0.6290333271026611	-0.6016732454299927	-0.5859774947166443
4442	0.8310688734054565	-0.5870370268821716	-0.8230401277542114
4443	-2.2085018157958984	-1.9985169172286987	4.809010028839111
4444	-2.0696890354156494	3.331373453140259	-0.5633774399757385
4445	1.4006669521331787	0.6883706450462341	-2.7205915451049805
4446	1.9532642364501953	0.6416296362876892	-3.293890953063965
4447	-2.0252845287323	3.096346855163574	-0.8703961372375488
4448	-2.3734967708587646	-1.635539174079895	4.637484073638916
4449	-2.9476494789123535	0.733758270740509	2.9541890621185303
4450	0.8870302438735962	1.2811529636383057	-2.870447874069214
4451	1.638400912284851	0.13922011852264404	-2.3450968265533447
4452	1.3753206729888916	1.1263691186904907	-3.27870512008667
4453	-2.1459569931030273	-2.0205657482147217	4.796986103057861
4454	-0.00906488299369812	2.9920709133148193	-3.3049230575561523
4455	-2.5208919048309326	-1.4456719160079956	4.684808254241943
4456	0.8607396483421326	-0.5948139429092407	-0.7424988746643066
4457	-1.7881567478179932	0.8459020256996155	1.6020516157150269
4458	-0.27758562564849854	0.37291306257247925	-0.6604315042495728
4459	2.227688789367676	0.36781612038612366	-3.312955379486084
4460	-2.307877540588379	-1.8795336484909058	4.797269821166992
4461	-2.2905988693237305	-1.8847657442092896	4.776965141296387
4462	-2.3195364475250244	-1.8168493509292603	4.755749225616455
4463	-2.260423183441162	1.0793590545654297	1.6773974895477295
4464	1.9604309797286987	0.4147392213344574	-3.2800238132476807
4465	-1.744647741317749	0.6071692109107971	1.639859676361084
4466	-2.2761523723602295	-1.8427809476852417	4.756898403167725
4467	-2.488954544067383	-1.5808026790618896	4.712363243103027
4468	-2.2183985710144043	-2.011054515838623	4.802969455718994
4469	-2.1095404624938965	-2.0895566940307617	4.797369480133057
4470	-2.217623233795166	-1.9784893989562988	4.788618087768555
4471	2.1755597591400146	-0.18314269185066223	-2.9370508193969727
4472	-2.882882833480835	1.2298589944839478	2.47507381439209
4473	0.622473418712616	-0.614196240901947	-0.6583718657493591
4474	-2.459277391433716	-1.4641456604003906	4.587972164154053
4475	-2.2206461429595947	-2.00538969039917	4.787225246429443
4476	-1.9705506563186646	0.786572277545929	1.9117872714996338
4477	2.0071897506713867	0.7886105179786682	-3.5660598278045654
4478	-2.1488137245178223	-2.0373237133026123	4.787875652313232
4479	-2.1243133544921875	-0.4241616427898407	3.056678056716919
4480	-2.1839566230773926	-2.069167137145996	4.8017897605896
4481	-2.0961756706237793	0.7649024724960327	1.809787631034851
4482	-2.520780086517334	-1.5747777223587036	4.674931526184082
4483	-2.4096877574920654	-1.758468508720398	4.75121545791626
4484	-2.332322120666504	-1.6760739088058472	4.717830657958984
4485	-2.189937114715576	-2.028536796569824	4.812296390533447
4486	1.866767168045044	0.7917594313621521	-3.4702656269073486
4487	-2.171536445617676	-2.0537753105163574	4.798351764678955
4488	-2.138303756713867	-2.057770013809204	4.769261837005615
4489	-2.4626598358154297	-1.6372028589248657	4.73101282119751
4490	-2.181466817855835	-2.0783560276031494	4.7994256019592285
4491	-2.114908218383789	-2.083005428314209	4.793953895568848
4492	2.159295082092285	-0.01506328210234642	-3.00681734085083
4493	2.139572858810425	0.5915413498878479	-3.5261693000793457
4494	-1.0394054651260376	1.0186983346939087	0.2883335053920746
4495	-2.8785226345062256	-0.33654892444610596	3.8807740211486816
4496	1.8795264959335327	0.10186012834310532	-2.667969226837158
4497	-2.29803204536438	-1.3183557987213135	4.35783052444458
4498	-2.196953535079956	-2.006049633026123	4.7795000076293945
4499	2.140407085418701	0.451103150844574	-3.374600648880005
4500	2.1803503036499023	0.29351237416267395	-3.3421618938446045
4501	-2.416651964187622	-1.7930694818496704	4.758181571960449
4502	-2.200596809387207	-2.0750694274902344	4.787168502807617
4503	-1.7488822937011719	3.507622241973877	-1.335856556892395
4504	2.217906951904297	0.024490725249052048	-3.1025140285491943
4505	-2.4093422889709473	-0.594862699508667	3.880021572113037
4506	-2.215850353240967	-1.959098219871521	4.793236255645752
4507	-0.7384322881698608	0.7681648135185242	-0.7534536123275757
4508	-2.3037092685699463	-1.8923726081848145	4.785749435424805
4509	-1.3705289363861084	1.9959815740585327	-0.7992013096809387
4510	-2.621826171875	-1.1037726402282715	4.390175819396973
4511	1.767924427986145	0.8463563323020935	-3.5571908950805664
4512	-2.1146345138549805	-2.1035683155059814	4.792842864990234
4513	-2.111161947250366	-2.0721096992492676	4.79389762878418
4514	-2.8532862663269043	2.47731876373291	1.0345826148986816
4515	-1.9406859874725342	0.9446074366569519	1.780888319015503
4516	-2.317172050476074	-0.15098078548908234	3.358715295791626
4517	-1.7275469303131104	0.13536305725574493	2.175935745239258
4518	-2.6126139163970947	-0.7204917669296265	4.148657321929932
4519	-2.3271148204803467	-1.820666790008545	4.7592387199401855
4520	-2.4195871353149414	-1.6052749156951904	4.695928573608398
4521	-0.4648057222366333	-0.5570054650306702	0.6386361122131348
4522	-2.069267511367798	-2.1720056533813477	4.795507907867432
4523	2.1436614990234375	0.41579872369766235	-3.4080095291137695
4524	1.9671865701675415	0.6190242171287537	-3.482954502105713
4525	-2.1932594776153564	-1.9666448831558228	4.770070552825928
4526	-2.2106034755706787	-2.006932258605957	4.83289098739624
4527	-2.108654737472534	-2.1244595050811768	4.801052570343018
4528	1.912506341934204	0.683284342288971	-3.4227490425109863
4529	-2.672198534011841	1.4562278985977173	1.844148874282837
4530	1.4039627313613892	0.032109230756759644	-2.0553324222564697
4531	-1.6686482429504395	0.2253739833831787	1.9395939111709595
4532	1.910749912261963	0.5020599961280823	-3.271381139755249
4533	1.7627592086791992	0.06642788648605347	-2.600083827972412
4534	-1.93832528591156	-0.5071147084236145	3.063511371612549
4535	-2.0068347454071045	0.4262129068374634	2.0354928970336914
4536	-1.9443812370300293	-1.4768348932266235	4.132856369018555
4537	-0.9431881904602051	0.4272516369819641	0.5984607338905334
4538	-2.668877601623535	-1.2916287183761597	4.568089008331299
4539	2.241236925125122	0.1675824671983719	-3.2251362800598145
4540	2.1856393814086914	0.1871480494737625	-3.21631121635437
4541	-2.6732122898101807	2.6677796840667725	0.25780925154685974
4542	-2.2564456462860107	-1.9594491720199585	4.777793884277344
4543	-2.264552116394043	-1.9186807870864868	4.775606632232666
4544	-1.6585301160812378	0.13224603235721588	2.06020188331604
4545	1.9319854974746704	0.35196417570114136	-3.1554176807403564
4546	-2.5858986377716064	-1.3801606893539429	4.61166524887085
4547	-2.3863723278045654	-1.805647850036621	4.743040084838867
4548	-2.3696961402893066	3.3920421600341797	-0.8853163123130798
4549	-1.3382174968719482	3.194267511367798	-1.9285951852798462
4550	-2.3381547927856445	-1.8262511491775513	4.777243614196777
4551	-2.626016139984131	-1.134452223777771	4.485836505889893
4552	-1.8511923551559448	3.479519844055176	-1.877883791923523
4553	-0.8893641829490662	0.6553857922554016	0.4981249272823334
4554	-2.4501585960388184	-1.7140651941299438	4.7493462562561035
4555	2.2332067489624023	0.22073864936828613	-3.2426507472991943
4556	1.504380464553833	1.5035513639450073	-3.741408348083496
4557	-2.7951719760894775	0.606266975402832	3.052037239074707
4558	-1.6380711793899536	1.2687042951583862	0.9379559755325317
4559	-2.3383467197418213	-1.8766639232635498	4.759090423583984
4560	2.1650230884552	0.5865126252174377	-3.4956254959106445
4561	1.9487532377243042	0.8358920216560364	-3.6344656944274902
4562	-2.7579116821289062	-0.251303493976593	3.8473989963531494
4563	-2.2972750663757324	0.24302946031093597	2.784327507019043
4564	-1.7246657609939575	-0.9487072229385376	3.2393994331359863
4565	-2.368614435195923	-1.7551136016845703	4.76233434677124
4566	-2.7799477577209473	-0.1405588835477829	3.7110705375671387
4567	-2.204331159591675	-1.9659552574157715	4.803936004638672
4568	-1.8221242427825928	0.13808660209178925	2.4839446544647217
4569	-2.218391180038452	-1.9986850023269653	4.781622409820557
4570	-2.2083559036254883	-1.976375937461853	4.784717559814453
4571	-1.7157680988311768	0.3329528272151947	1.8233013153076172
4572	2.0041933059692383	0.5004817247390747	-3.2064905166625977
4573	-2.1868996620178223	-2.0403847694396973	4.815624713897705
4574	-2.687896966934204	0.6015701293945312	2.997173547744751
4575	1.8976197242736816	-0.07713428884744644	-2.5283238887786865
4576	0.37552300095558167	2.0726685523986816	-3.0133895874023438
4577	-0.2116030901670456	2.7913198471069336	-3.0502078533172607
4578	-0.5456971526145935	3.1181070804595947	-2.725594997406006
4579	-2.5421175956726074	-0.5556053519248962	3.87406849861145
4580	-1.6634225845336914	2.6715846061706543	-1.2679681777954102
4581	-1.8711382150650024	0.06160356476902962	2.305637836456299
4582	-2.347487688064575	-1.8049579858779907	4.751734733581543
4583	-0.6713107228279114	3.131791591644287	-2.6442182064056396
4584	-2.6751532554626465	2.035022735595703	1.2336241006851196
4585	-2.0993916988372803	-2.066317081451416	4.7788987159729
4586	-2.0497243404388428	3.6302075386047363	-1.4242784976959229
4587	1.9908592700958252	0.6748431921005249	-3.51933217048645
4588	-2.6156554222106934	0.6683056950569153	2.7511768341064453
4589	1.7039414644241333	0.9439750909805298	-3.5095956325531006
4590	0.520922839641571	2.0073046684265137	-3.0952274799346924
4591	-2.679696559906006	-1.0511162281036377	4.438799858093262
4592	-2.1708884239196777	-2.024580240249634	4.808915138244629
4593	-2.2984559535980225	-1.8864197731018066	4.803177356719971
4594	-0.3682548999786377	3.175072431564331	-3.077608585357666
4595	-2.228435516357422	-1.9706189632415771	4.809412002563477
4596	-1.86897611618042	0.3540552854537964	2.087425708770752
4597	-2.672365188598633	-0.4464985132217407	3.9441301822662354
4598	-2.203298568725586	-2.031362533569336	4.799994468688965
4599	-2.301044464111328	-1.9178025722503662	4.803351402282715
4600	-2.171623706817627	-2.0516645908355713	4.794116020202637
4601	0.7706902027130127	0.6363707780838013	-2.2092888355255127
4602	1.961643099784851	0.054616738110780716	-2.827674150466919
4603	-2.2513365745544434	-1.9085584878921509	4.764645576477051
4604	-2.2160820960998535	-1.9458426237106323	4.778892993927002
4605	-2.285578727722168	-1.9039334058761597	4.795797824859619
4606	-2.527189254760742	-1.5576151609420776	4.689321517944336
4607	-1.6009724140167236	2.9440507888793945	-1.3722069263458252
4608	1.9662543535232544	0.9365875124931335	-3.660022735595703
4609	-2.03859806060791	-2.1661362648010254	4.818724155426025
4610	-2.557264566421509	2.644195318222046	0.5018129944801331
4611	-2.0482873916625977	-2.1514506340026855	4.794361591339111
4612	-2.8030641078948975	-0.38071247935295105	3.9963226318359375
4613	-2.2269208431243896	-1.92168128490448	4.774406909942627
4614	-2.364854574203491	-1.437343716621399	4.474704742431641
4615	-1.718324065208435	3.4523329734802246	-1.798456072807312
4616	0.6370492577552795	-0.2007804960012436	-0.9508140683174133
4617	2.230233907699585	0.42100775241851807	-3.4699959754943848
4618	-0.06501202285289764	2.1174376010894775	-2.823206901550293
4619	-2.3360493183135986	-1.86609947681427	4.780015468597412
4620	-2.255096197128296	-1.9610682725906372	4.780313968658447
4621	-2.4194419384002686	-1.71583890914917	4.738040447235107
4622	-2.1296520233154297	-2.106771469116211	4.791251182556152
4623	-2.381398916244507	-0.849970281124115	4.096785068511963
4624	-2.294959545135498	-1.8657913208007812	4.771882057189941
4625	-2.632370948791504	-0.37752997875213623	3.8892595767974854
4626	-2.063767671585083	-2.0760014057159424	4.738614559173584
4627	1.9674218893051147	0.40324169397354126	-3.2636427879333496
4628	-2.2017297744750977	0.060789018869400024	2.846554756164551
4629	-2.1540234088897705	0.23409640789031982	2.371673583984375
4630	-2.3179469108581543	0.35635241866111755	2.175259590148926
4631	-2.35375714302063	-1.7350939512252808	4.758579254150391
4632	0.9131135940551758	0.025278974324464798	-1.5741713047027588
4633	2.164696455001831	0.6847209334373474	-3.5795891284942627
4634	-2.230516195297241	1.4003480672836304	1.4757025241851807
4635	-0.6933422088623047	-0.5671231150627136	1.6169337034225464
4636	-2.2546210289001465	3.178090810775757	-0.32644763588905334
4637	-2.0826797485351562	-2.14418363571167	4.802169322967529
4638	-2.222357988357544	1.9896036386489868	0.6505740880966187
4639	-2.5418126583099365	-1.4568508863449097	4.642429828643799
4640	-2.3272416591644287	-1.8860329389572144	4.789915561676025
4641	-2.166585922241211	-2.0421648025512695	4.805881500244141
4642	-2.383787155151367	-0.2802695631980896	3.461210250854492
4643	1.7464067935943604	0.6432929039001465	-3.335664749145508
4644	-2.3461618423461914	-1.8176180124282837	4.781909942626953
4645	1.0833417177200317	1.8094133138656616	-3.464203119277954
4646	1.8171648979187012	0.6075504422187805	-3.099874496459961
4647	0.6069568395614624	-0.6531822681427002	-0.3935326039791107
4648	-2.5796313285827637	-1.2985471487045288	4.53004264831543
4649	-2.259021043777466	-1.936991810798645	4.767924785614014
4650	-2.1788227558135986	-2.0602593421936035	4.7880988121032715
4651	-2.4488348960876465	-1.6110031604766846	4.6917901039123535
4652	-2.2267465591430664	-1.9656888246536255	4.792960166931152
4653	-2.152801513671875	-2.0308001041412354	4.78834342956543
4654	-2.34525990486145	1.8154112100601196	1.2798136472702026
4655	0.270520955324173	-0.33429592847824097	-0.5194423198699951
4656	-2.335648536682129	-1.8306382894515991	4.783895492553711
4657	-0.8703113198280334	0.03269554302096367	1.1792352199554443
4658	-1.1851859092712402	1.4004857540130615	-0.42135417461395264
4659	-2.4571852684020996	-1.6017847061157227	4.6979193687438965
4660	-2.4979066848754883	-0.1264493465423584	3.357286214828491
4661	-1.9735255241394043	0.779148280620575	1.9368470907211304
4662	-2.263998031616211	-1.9086464643478394	4.777890205383301
4663	-2.4430606365203857	1.958074927330017	0.8889901041984558
4664	-2.192366123199463	-1.9952489137649536	4.8298492431640625
4665	-2.5917623043060303	1.753718376159668	1.5990957021713257
4666	-1.4795377254486084	0.27466773986816406	1.525386095046997
4667	-1.7194808721542358	0.9590544104576111	0.8695526123046875
4668	-2.6681065559387207	-1.2182796001434326	4.473418712615967
4669	-2.7174220085144043	-0.7225143909454346	4.228977203369141
4670	-1.6146997213363647	3.6841728687286377	-1.9825412034988403
4671	-2.304415225982666	-1.8588677644729614	4.803882598876953
4672	-2.1923723220825195	-2.0130510330200195	4.783630847930908
4673	-1.095264196395874	0.5934117436408997	0.45772629976272583
4674	-2.1056432723999023	-2.0881853103637695	4.776687145233154
4675	2.1994197368621826	0.4383915066719055	-3.434117078781128
4676	-2.096550226211548	-2.098379373550415	4.812183856964111
4677	1.6130390167236328	0.9341549277305603	-3.3299098014831543
4678	-1.870405912399292	-0.07124914973974228	2.5717966556549072
4679	2.125196695327759	0.16882441937923431	-3.1403648853302
4680	-1.9635205268859863	-2.2091710567474365	4.772414684295654
4681	-2.278742551803589	3.2495265007019043	-0.48101457953453064
4682	-1.302527666091919	1.6480363607406616	-0.23581905663013458
4683	1.9495536088943481	0.41985246539115906	-3.309229850769043
4684	-2.3765294551849365	-1.749314785003662	4.753527641296387
4685	-2.569781541824341	2.2368078231811523	1.1599382162094116
4686	-2.8955557346343994	1.4149351119995117	1.8774205446243286
4687	-2.2388670444488525	-1.9450860023498535	4.806601047515869
4688	1.6567150354385376	0.8857850432395935	-3.2260820865631104
4689	-2.303341865539551	-1.894956350326538	4.783458232879639
4690	-2.3026840686798096	-0.22654438018798828	3.1339027881622314
4691	-2.6156530380249023	-1.3472784757614136	4.592504978179932
4692	-2.865375518798828	1.0632095336914062	2.6600751876831055
4693	-1.4037444591522217	0.1844235509634018	1.652997374534607
4694	-2.406550884246826	-1.730939269065857	4.745754718780518
4695	-2.006925582885742	-0.7090640664100647	3.4213175773620605
4696	-1.4884958267211914	-0.9927160143852234	2.972416639328003
4697	-1.460254430770874	0.43171966075897217	1.6712080240249634
4698	-2.2527711391448975	-1.9394850730895996	4.777124404907227
4699	2.2285683155059814	0.14146408438682556	-3.193932294845581
4700	-2.363851308822632	-1.8332151174545288	4.75036096572876
4701	1.979406476020813	0.6989181637763977	-3.402169942855835
4702	-2.353632926940918	-1.8532259464263916	4.7828755378723145
4703	-2.143953323364258	-2.028395652770996	4.759703159332275
4704	-2.4556944370269775	-1.3802025318145752	4.536115646362305
4705	0.5747341513633728	-0.6610508561134338	-0.5118691921234131
4706	-2.302886962890625	-1.9178770780563354	4.802369117736816
4707	-1.8663692474365234	0.686557412147522	1.7078821659088135
4708	-2.0530755519866943	-0.5647087693214417	3.1971750259399414
4709	-0.8531453013420105	-0.06338188052177429	0.6682069897651672
4710	-2.349771499633789	-0.6247173547744751	3.8063666820526123
4711	-2.162816286087036	-0.2641693949699402	3.1556308269500732
4712	-1.6374447345733643	-0.6964288353919983	3.007622241973877
4713	-2.137375831604004	-2.051359176635742	4.810134410858154
4714	-2.4548187255859375	3.220656156539917	-0.7466623187065125
4715	-2.2906932830810547	-1.8317289352416992	4.772049903869629
4716	-2.4144532680511475	-0.30516475439071655	3.6524136066436768
4717	-2.4312891960144043	-1.6687339544296265	4.753731727600098
4718	1.8997384309768677	0.02620057389140129	-2.6246087551116943
4719	0.33215585350990295	-1.1239012479782104	0.35320451855659485
4720	2.106707811355591	0.4099423289299011	-3.3584084510803223
4721	-2.2376863956451416	-2.0148282051086426	4.811359405517578
4722	-2.258838176727295	-1.9449751377105713	4.775766849517822
4723	-2.115388870239258	-2.063877582550049	4.7968831062316895
4724	-2.248591423034668	-1.515636682510376	4.385761737823486
4725	-2.6206467151641846	1.2614418268203735	1.8603283166885376
4726	1.9682079553604126	0.7537748217582703	-3.5344772338867188
4727	-2.3851778507232666	-1.7240476608276367	4.748443126678467
4728	-2.507342576980591	0.8822406530380249	2.6754322052001953
4729	-2.469231128692627	0.02095438912510872	3.0785911083221436
4730	-2.58357572555542	-1.4177660942077637	4.652924537658691
4731	-2.7181339263916016	-0.6646665930747986	4.163828372955322
4732	-2.1411423683166504	-2.0548064708709717	4.803353786468506
4733	-2.1469640731811523	2.88666033744812	-0.6778977513313293
4734	-2.289321184158325	-1.9339178800582886	4.7900004386901855
4735	0.7331451177597046	1.8854254484176636	-3.3459579944610596
4736	-2.8171160221099854	1.883514165878296	1.7716891765594482
4737	-1.7770569324493408	0.6585355997085571	1.7685390710830688
4738	-2.267791748046875	0.6028045415878296	2.082512617111206
4739	-2.118544578552246	3.3409132957458496	-0.947746992111206
4740	-2.2712900638580322	-1.9324172735214233	4.775017261505127
4741	-2.0439984798431396	-2.1754281520843506	4.802900791168213
4742	0.9969044327735901	0.002923377323895693	-1.5599777698516846
4743	-2.2237131595611572	-1.9844697713851929	4.8059000968933105
4744	-2.414848804473877	-1.732528805732727	4.7716546058654785
4745	-2.116685390472412	-2.0791032314300537	4.782052516937256
4746	-2.2203128337860107	0.6890304684638977	2.1823947429656982
4747	-2.0710184574127197	-2.1398277282714844	4.819947719573975
4748	-2.324787139892578	-1.8564599752426147	4.76920223236084
4749	1.9752395153045654	0.4929271340370178	-3.31302809715271
4750	-2.16209077835083	-2.0370171070098877	4.800696849822998
4751	2.026381254196167	0.17780853807926178	-2.935201406478882
4752	-2.4385385513305664	-1.149658203125	4.1553826332092285
4753	-2.3828608989715576	-1.7804244756698608	4.758816242218018
4754	-2.1656320095062256	-2.071178674697876	4.80523157119751
4755	-2.6708874702453613	2.5805869102478027	0.5880998969078064
4756	-2.217064619064331	-1.990890383720398	4.7977752685546875
4757	-0.9820112586021423	0.14554615318775177	1.0333139896392822
4758	-2.3148181438446045	-1.9140756130218506	4.789095878601074
4759	-2.1103017330169678	-2.0722193717956543	4.821700096130371
4760	-2.294593572616577	3.1804449558258057	-0.7090635895729065
4761	-1.9336602687835693	3.5560779571533203	-1.7224363088607788
4762	1.8673100471496582	0.6817896962165833	-3.257345199584961
4763	-2.4062047004699707	2.7781355381011963	-0.1057865172624588
4764	-2.1554794311523438	-2.013941764831543	4.763611316680908
4765	-2.3985700607299805	-1.699255347251892	4.73006010055542
4766	-1.793786883354187	-0.9289746880531311	3.3432788848876953
4767	-2.2161710262298584	-1.9694926738739014	4.778833389282227
4768	1.9818931818008423	0.28924673795700073	-2.926968574523926
4769	1.5557507276535034	0.07382985949516296	-2.2607028484344482
4770	-2.0897786617279053	0.4822457432746887	2.196352481842041
4771	1.6181085109710693	0.6841013431549072	-3.132143259048462
4772	-2.1062424182891846	-2.09610652923584	4.791065692901611
4773	2.1826770305633545	0.17570282518863678	-3.2223012447357178
4774	-2.142195224761963	-1.993612289428711	4.773821830749512
4775	-2.1390931606292725	-2.1089584827423096	4.803481578826904
4776	1.8252360820770264	0.623047411441803	-3.346240282058716
4777	-2.5510482788085938	-0.47697362303733826	3.472611904144287
4778	-2.6155779361724854	-1.4171510934829712	4.663158416748047
4779	-2.3179736137390137	3.0343809127807617	-0.4104067385196686
4780	1.6440494060516357	0.3762515187263489	-2.8673248291015625
4781	0.6034938097000122	-0.5487373471260071	-0.717711865901947
4782	-1.9535775184631348	1.215158462524414	1.3325117826461792
4783	-2.150308609008789	-2.100848436355591	4.79197883605957
4784	0.948016345500946	-0.4037898778915405	-1.1379414796829224
4785	-2.040318727493286	-2.2191379070281982	4.806610584259033
4786	-2.4080123901367188	-1.7411558628082275	4.766347885131836
4787	-2.2960493564605713	-1.903416395187378	4.7763872146606445
4788	-2.0794572830200195	-2.162745475769043	4.820655345916748
4789	-1.284316897392273	-0.21383501589298248	1.7251615524291992
4790	-0.24425743520259857	0.1335040181875229	-0.7345180511474609
4791	0.9438242316246033	-1.0438135862350464	-0.660186231136322
4792	0.3272033929824829	1.611829400062561	-2.6531851291656494
4793	-2.498741865158081	3.039177656173706	-0.30943647027015686
4794	2.1343281269073486	0.3969554007053375	-3.2719619274139404
4795	-2.106013059616089	-2.089840888977051	4.7913818359375
4796	-2.176064968109131	0.15444159507751465	2.6970133781433105
4797	-2.091346263885498	-1.128883719444275	4.040498733520508
4798	-2.2536654472351074	-1.8803280591964722	4.795079231262207
4799	-2.7376561164855957	-0.14959557354450226	3.6188948154449463
4800	-1.9442781209945679	0.8540853261947632	1.7170674800872803
4801	2.16455340385437	0.5204334855079651	-3.468050718307495
4802	-0.7534300088882446	3.112016201019287	-2.6368637084960938
4803	-2.683704376220703	1.7646154165267944	1.8601621389389038
4804	-2.342517614364624	-1.8111757040023804	4.756366729736328
4805	-1.7645738124847412	0.17164616286754608	2.114652633666992
4806	1.1016619205474854	0.6899363398551941	-2.5826256275177
4807	-2.1554794311523438	-2.013941764831543	4.763611316680908
4808	-1.6896100044250488	3.091421127319336	-1.807771921157837
4809	1.648353099822998	0.41643279790878296	-2.9523231983184814
4810	-1.4067070484161377	0.25832417607307434	1.350319743156433
4811	-2.174517869949341	-1.9861098527908325	4.785770893096924
4812	2.2048206329345703	0.38793832063674927	-3.4359586238861084
4813	-2.285834312438965	-1.9181416034698486	4.773314476013184
4814	-2.5986764430999756	-1.1257437467575073	4.482391357421875
4815	-2.1321144104003906	-2.056281566619873	4.783447742462158
4816	-2.291482448577881	-1.9216047525405884	4.784721851348877
4817	2.1523892879486084	0.4572174549102783	-3.359886646270752
4818	-2.2628912925720215	0.4848429560661316	2.4539289474487305
4819	-2.287947177886963	-1.8938299417495728	4.779423713684082
4820	1.8850153684616089	0.5006539225578308	-3.2505152225494385
4821	-1.9871678352355957	-0.5846019983291626	2.8750860691070557
4822	1.9740263223648071	0.4106293320655823	-3.279996156692505
4823	1.6349399089813232	0.3196718096733093	-2.6512832641601562
4824	-1.9743008613586426	1.2223153114318848	1.3621447086334229
4825	2.0639841556549072	0.49572139978408813	-3.344327926635742
4826	-2.2335095405578613	-1.9323745965957642	4.820437908172607
4827	-2.1523404121398926	-2.035560369491577	4.795862197875977
4828	-2.652848958969116	-1.3566807508468628	4.597725868225098
4829	1.7349885702133179	0.6270831227302551	-3.1786937713623047
4830	-2.2534127235412598	-1.9699357748031616	4.8015546798706055
4831	-1.0132699012756348	-0.7912719249725342	1.7194671630859375
4832	-2.3489327430725098	-1.8145815134048462	4.72865104675293
4833	-2.0885894298553467	-2.1016297340393066	4.79296350479126
4834	-2.2361392974853516	-1.9588607549667358	4.784793376922607
4835	2.128148078918457	0.16721494495868683	-3.0891294479370117
4836	-2.0918734073638916	-2.128661632537842	4.80521821975708
4837	-2.087359666824341	-2.1399006843566895	4.7912278175354
4838	1.9992477893829346	0.3874741792678833	-3.2397313117980957
4839	-1.2905640602111816	3.276081085205078	-2.231621265411377
4840	0.8696908354759216	-0.6069515347480774	-0.7994697093963623
4841	-2.0910868644714355	2.609647512435913	0.23031124472618103
4842	2.144442081451416	0.18011750280857086	-3.216179847717285
4843	0.4893478751182556	-1.0484057664871216	0.03330732882022858
4844	-2.2860281467437744	-1.9162310361862183	4.791447639465332
4845	-2.152974843978882	-2.038527488708496	4.803732395172119
4846	-2.0398006439208984	0.2822225093841553	1.9927492141723633
4847	-2.3752942085266113	-1.8164013624191284	4.71353006362915
4848	0.8008841872215271	-0.24202139675617218	-1.029132604598999
4849	-2.2920145988464355	0.4677385687828064	2.7881147861480713
4850	-2.5017828941345215	-1.580022931098938	4.718465805053711
4851	-1.9705506563186646	0.786572277545929	1.9117872714996338
4852	-2.1699483394622803	-2.0693278312683105	4.80764102935791
4853	2.1054394245147705	0.2674659490585327	-3.2652008533477783
4854	-2.24686336517334	-1.970330834388733	4.7943549156188965
4855	-2.2269632816314697	-1.9164553880691528	4.757630825042725
4856	-1.7661442756652832	1.0229272842407227	0.954494833946228
4857	-2.162656307220459	-2.043440341949463	4.80277156829834
4858	-0.5129469037055969	-0.5432277321815491	0.822468101978302
4859	-2.9451403617858887	1.5273276567459106	2.1138312816619873
4860	1.8889732360839844	0.23947827517986298	-2.9444398880004883
4861	-2.2125511169433594	-2.0110573768615723	4.755855560302734
4862	1.5647990703582764	0.7597909569740295	-3.2082691192626953
4863	-2.1347694396972656	-2.124920129776001	4.784904479980469
4864	-2.0784683227539062	-2.167228937149048	4.7979207038879395
4865	-2.3750205039978027	0.684508740901947	2.3795664310455322
4866	-2.516319751739502	0.8554229140281677	2.4770314693450928
4867	2.1878035068511963	0.4230077862739563	-3.4157748222351074
4868	-2.336519718170166	-1.703611969947815	4.675630569458008
4869	2.1421597003936768	0.0024793636985123158	-3.0324506759643555
4870	-2.221465826034546	-1.9820066690444946	4.781271934509277
4871	-2.112962245941162	-2.0773093700408936	4.790287971496582
4872	-2.236191511154175	-1.9994028806686401	4.776987552642822
4873	-2.145536184310913	-2.088804244995117	4.7766923904418945
4874	1.7611258029937744	-0.08886679261922836	-2.3761935234069824
4875	-2.1104607582092285	-2.092970848083496	4.797108173370361
4876	-2.162745714187622	-1.9862931966781616	4.721930980682373
4877	-0.9347816705703735	1.8583532571792603	-1.3439704179763794
4878	2.0931262969970703	0.12711799144744873	-3.122626543045044
4879	-2.594273090362549	2.9325804710388184	-0.19853191077709198
4880	2.211489677429199	0.5212985873222351	-3.4319257736206055
4881	-1.760438323020935	-1.0639188289642334	3.3713889122009277
4882	-2.093362331390381	0.27826905250549316	2.1759064197540283
4883	-2.009737730026245	2.444843292236328	-1.0518555641174316
4884	-2.4722137451171875	-1.4044933319091797	4.5792951583862305
4885	-2.2481231689453125	-1.912049651145935	4.763367652893066
4886	-1.9936121702194214	0.7791261076927185	1.9621472358703613
4887	-1.6692075729370117	3.156599521636963	-1.279532790184021
4888	-2.08705472946167	-2.1350433826446533	4.802706241607666
4889	-2.544631242752075	-1.4611800909042358	4.651342868804932
4890	-2.368922233581543	-1.751728892326355	4.734313011169434
4891	2.0286741256713867	0.28945738077163696	-2.986123561859131
4892	-2.042919635772705	0.6327705383300781	2.029550075531006
4893	-2.3948628902435303	-1.7783210277557373	4.777860641479492
4894	-2.1827902793884277	3.4380087852478027	-1.1115541458129883
4895	-2.5855600833892822	1.1469371318817139	1.5692081451416016
4896	-1.4349861145019531	-0.06598062068223953	1.9219313859939575
4897	-0.2813378870487213	2.6203742027282715	-2.7905614376068115
4898	-0.69013911485672	3.1730434894561768	-2.8783349990844727
4899	-1.7219785451889038	0.3242742419242859	1.8646879196166992
4900	-2.4912781715393066	-1.5100327730178833	4.64898681640625
4901	-0.7885109782218933	-1.0615921020507812	1.9383511543273926
4902	-2.566014051437378	3.314581871032715	-0.4844115674495697
4903	1.6411821842193604	0.5484422445297241	-2.8626348972320557
4904	-2.1406283378601074	-2.0675864219665527	4.7948174476623535
4905	-2.2599239349365234	-1.9684580564498901	4.791713237762451
4906	-2.3187811374664307	-1.799277424812317	4.76621150970459
4907	-2.4480926990509033	-1.614195704460144	4.7079596519470215
4908	-2.13724422454834	-2.057981252670288	4.816506862640381
4909	-2.0830743312835693	-2.0088047981262207	4.769977569580078
4910	-2.1184725761413574	-2.069998264312744	4.791215419769287
4911	-1.7537827491760254	3.510657787322998	-1.6151461601257324
4912	-2.119874954223633	-2.0785560607910156	4.793896675109863
4913	-2.1574957370758057	-0.7404775023460388	3.7010395526885986
4914	1.417205810546875	0.4866589307785034	-2.7265625
4915	2.193794012069702	0.510559618473053	-3.405477523803711
4916	-2.6012096405029297	1.3500118255615234	1.908010721206665
4917	-2.754082441329956	3.0706799030303955	-0.23236948251724243
4918	-2.4080452919006348	-1.6890391111373901	4.7491984367370605
4919	-2.0832622051239014	-2.135150671005249	4.787108421325684
4920	-2.1582181453704834	-2.0635788440704346	4.7982258796691895
4921	-2.897986888885498	2.2782034873962402	1.3475842475891113
4922	-2.3000829219818115	-1.9058325290679932	4.778921604156494
4923	-2.0554187297821045	-2.1665728092193604	4.8159050941467285
4924	-2.619772434234619	-1.309922218322754	4.627842426300049
4925	-2.350167989730835	-1.8265548944473267	4.794205665588379
4926	2.1596624851226807	0.20832917094230652	-3.138202428817749
4927	-1.714980125427246	-0.03217880427837372	2.2381486892700195
4928	-2.2143661975860596	-1.9319902658462524	4.742514133453369
4929	-2.2385365962982178	-1.9963189363479614	4.759622573852539
4930	0.07315021753311157	1.9305307865142822	-2.45953106880188
4931	1.8680362701416016	0.4470038115978241	-2.938688278198242
4932	2.1248340606689453	0.7045935988426208	-3.5831332206726074
4933	-2.081031322479248	0.6397231221199036	2.2316906452178955
4934	-2.2764549255371094	-1.9553651809692383	4.786787509918213
4935	-0.5492482781410217	-0.2932465076446533	0.5604662895202637
4936	-2.1742477416992188	-2.0481514930725098	4.801873683929443
4937	-1.9239587783813477	1.7224798202514648	0.6719948649406433
4938	-2.288011074066162	0.8571861386299133	2.120335817337036
4939	-2.261837959289551	-1.9636927843093872	4.774831295013428
4940	-2.544445276260376	-1.3401401042938232	4.586826324462891
4941	-2.3022842407226562	-1.8484797477722168	4.784247398376465
4942	-2.4162821769714355	3.319981813430786	-0.687193751335144
4943	1.2679393291473389	0.007762011606246233	-1.8876290321350098
4944	-2.039715528488159	-0.05222060903906822	2.7318785190582275
4945	-2.2461628913879395	-1.9615403413772583	4.786782264709473
4946	1.074489951133728	-0.6151753664016724	-1.201005458831787
4947	-2.8777194023132324	1.005990743637085	2.3426623344421387
4948	-1.9823031425476074	-2.268038749694824	4.777700424194336
4949	-2.7279746532440186	-0.4678044617176056	3.914844036102295
4950	-2.077174186706543	-2.1269354820251465	4.784453868865967
4951	-1.054537057876587	-0.1064256951212883	1.5217852592468262
4952	-1.6290239095687866	3.5153563022613525	-1.9880348443984985
4953	-2.278726816177368	-1.9448118209838867	4.797927379608154
4954	-2.7723605632781982	-0.5698238015174866	4.144335746765137
4955	-2.160550355911255	-1.9896589517593384	4.760759353637695
4956	-1.5912225246429443	0.5758137702941895	1.6092029809951782
4957	-0.6354008316993713	2.675358772277832	-2.2550058364868164
4958	1.4307206869125366	0.5514758229255676	-2.5985655784606934
4959	-2.1974968910217285	-1.9704254865646362	4.793647766113281
4960	-2.5129942893981934	-1.4320734739303589	4.6719231605529785
4961	-1.7598905563354492	0.17555420100688934	2.2176313400268555
4962	-2.3992552757263184	-0.2931993007659912	3.2910919189453125
4963	-2.500906229019165	-1.6033084392547607	4.738709926605225
4964	-2.402040958404541	-1.7072123289108276	4.727872371673584
4965	-2.099827289581299	-2.1125617027282715	4.816635608673096
4966	1.926181435585022	0.5567034482955933	-3.3052010536193848
4967	-2.5290043354034424	-1.5288530588150024	4.687995433807373
4968	1.507811188697815	-0.6463124752044678	-1.6448736190795898
4969	-2.786033868789673	-0.3283230662345886	3.9281129837036133
4970	-2.1892616748809814	-2.009887933731079	4.779470443725586
4971	-2.2692806720733643	-1.9468666315078735	4.806974411010742
4972	-2.361279010772705	-1.8402870893478394	4.78803014755249
4973	-1.9705506563186646	0.786572277545929	1.9117872714996338
4974	-2.5345311164855957	-1.2832456827163696	4.491837024688721
4975	-2.386549711227417	-1.7964551448822021	4.75531530380249
4976	2.029439687728882	0.5762997269630432	-3.323716640472412
4977	-2.154939651489258	-2.089503526687622	4.804131507873535
4978	-2.0534892082214355	3.1051483154296875	-0.95448899269104
4979	2.0394890308380127	0.34402984380722046	-3.2722086906433105
4980	-2.560025453567505	-1.5458062887191772	4.6692633628845215
4981	-1.5956488847732544	1.3470290899276733	-0.06383003294467926
4982	-2.19038462638855	-2.0308103561401367	4.790050029754639
4983	2.1351940631866455	0.2850828170776367	-3.30865740776062
4984	0.8912138342857361	2.019425868988037	-3.4909896850585938
4985	-1.0121104717254639	0.2946425676345825	0.787017285823822
4986	-2.2483723163604736	-1.8965851068496704	4.744320869445801
4987	1.8686209917068481	0.93007493019104	-3.6385600566864014
4988	1.8426653146743774	0.42894816398620605	-3.0465266704559326
4989	-2.1976547241210938	-1.9909876585006714	4.807441711425781
4990	-1.8074884414672852	3.7925491333007812	-1.5756840705871582
4991	-1.2062761783599854	0.14227421581745148	0.6204334497451782
4992	-2.6594457626342773	-1.1811048984527588	4.567974090576172
4993	2.0280864238739014	0.40370965003967285	-3.296830177307129
4994	-1.6833975315093994	0.38923490047454834	1.865415334701538
4995	-2.130394220352173	3.1346778869628906	-0.5030485987663269
4996	-1.1194528341293335	-0.2883116602897644	1.488826036453247
4997	1.8049547672271729	0.7141454815864563	-3.308389902114868
4998	-0.18366244435310364	2.347187042236328	-2.79413104057312
4999	-2.1575775146484375	-2.0345888137817383	4.803229331970215
5000	-2.5938918590545654	-1.267134428024292	4.567285060882568
5001	2.0785844326019287	0.33821022510528564	-3.3564932346343994
5002	-2.3316736221313477	-1.8457996845245361	4.794041156768799
5003	-2.1786673069000244	-1.982986569404602	4.772153377532959
5004	-2.1296591758728027	-2.1087276935577393	4.788928031921387
5005	-0.7685185074806213	2.170344829559326	-1.6091209650039673
5006	-2.506427526473999	-1.6161504983901978	4.71674108505249
5007	-1.7332122325897217	1.2178969383239746	0.8599695563316345
5008	-2.1931989192962646	-2.0467801094055176	4.761267185211182
5009	-2.376917600631714	-1.7910722494125366	4.7694268226623535
5010	-1.9918278455734253	0.7888620495796204	1.9446980953216553
5011	0.6958038210868835	0.6749096512794495	-1.612406611442566
5012	-2.351369857788086	-0.5787057876586914	3.5305707454681396
5013	1.2115663290023804	0.015241291373968124	-1.7692062854766846
5014	-2.1483945846557617	-2.0398566722869873	4.798415660858154
5015	-2.1096935272216797	-2.118398666381836	4.798275947570801
5016	-2.010530710220337	3.3850033283233643	-1.096543312072754
5017	-2.4784438610076904	1.2230224609375	2.12807297706604
5018	-2.339291572570801	-1.8215982913970947	4.793880939483643
5019	-0.3729396462440491	0.4587540328502655	-0.4021488428115845
5020	-1.1604865789413452	-0.47761255502700806	1.7544406652450562
5021	-2.504485845565796	-1.5542504787445068	4.724903106689453
5022	0.45410463213920593	0.10081720352172852	-1.1312750577926636
5023	-2.1125059127807617	-2.0839011669158936	4.7945146560668945
5024	-2.357698440551758	-1.8224523067474365	4.777501583099365
